Frame 7291
130 132 125 134 
91 85 
90 128 
130 131 127 134 
102 110 
61 59 
98 136 
106 134 
95 135 
102 143 
130 132 110 130 
159 134 
105 117 
117 99 
106 116 
78 114 
74 113 
120 149 
113 147 
79 60 
44 127 
118 140 
98 86 
93 124 
41 138 
108 141 
98 136 
107 120 
85 62 
106 132 
116 140 
76 57 
94 135 
156 134 
7 153 
35 115 
57 56 
116 142 
139 144 
116 165 
115 97 
56 54 
97 118 
142 146 
92 126 
104 118 
111 146 
93 88 
110 101 
101 118 
114 145 
105 118 
117 140 
94 129 
108 141 
99 96 
88 78 
98 119 
113 110 94 104 
102 143 
128 131 127 136 
93 129 
119 150 
98 117 
98 98 
 
102 118 
97 128 
199 72 
107 116 
51 57 
94 115 
105 117 
92 129 
86 62 
151 38 
109 118 
101 119 
 
77 115 
58 108 
111 132 
92 86 
111 132 
114 145 
97 119 
53 56 
102 90 
104 136 
81 80 
81 135 
83 76 
74 115 
112 144 
199 129 
98 98 
97 100 
109 133 
123 141 
111 131 
94 128 
105 117 
96 123 
 
26 53 
56 56 
144 137 
109 142 
70 112 
104 135 
189 57 
48 56 
62 59 
111 132 
101 143 
107 117 
67 58 
96 118 
110 154 
199 131 
86 62 
109 120 
101 119 
57 59 
109 43 
129 132 116 130 
56 50 
73 114 
98 93 
96 136 
112 109 91 105 
78 114 
82 135 
101 93 
114 109 94 104 
108 134 
127 131 111 128 
53 54 
106 132 
96 127 
109 131 
79 146 
128 131 109 128 
74 57 
66 61 
129 131 128 135 
50 56 
 
55 58 
109 133 
107 43 
98 92 
57 147 
101 93 
97 89 
60 145 
108 114 
92 127 
97 100 
103 135 
47 124 
210 129 
110 121 
95 116 
117 141 
97 101 
100 118 
130 130 158 141 
114 111 93 105 
70 75 
102 136 
103 132 
98 116 
100 135 
131 140 
104 136 
96 137 
133 48 
115 146 
114 148 
84 116 
76 57 
106 117 
56 57 
56 56 
93 137 
86 62 
78 61 
73 114 
237 118 
93 126 
55 106 
15 121 
37 131 
99 118 
216 121 
66 58 
99 96 
55 57 
114 96 
111 120 
50 59 
117 140 
92 126 
30 125 
91 138 
107 116 
216 117 
82 61 
99 117 
99 118 
116 147 
97 99 
 
110 133 
110 120 
92 137 
99 118 
101 135 
44 142 
131 132 126 134 
109 132 
131 132 121 132 
201 130 
114 110 94 104 
105 151 
90 126 
45 54 
115 141 
57 51 
60 114 
87 61 
117 147 
101 119 
98 77 
87 61 
128 132 129 136 
83 57 
244 123 
117 147 
228 61 
106 118 
130 131 153 142 
116 143 
92 127 
185 141 
108 133 
91 128 
 
106 136 
98 119 
181 145 
54 55 
100 95 
83 129 
111 121 
128 131 129 136 
114 145 
104 134 
100 92 
102 118 
 
112 130 
66 111 
98 98 
99 118 
84 115 
118 141 
46 58 
69 60 
99 118 
81 60 
110 121 
105 100 
 
57 51 
198 131 
97 136 
248 119 
111 120 
244 74 
56 109 
106 133 
110 122 
98 100 
113 100 
94 137 
62 106 
48 56 
68 111 
66 109 
55 106 
109 120 
130 130 156 142 
84 60 
113 95 
97 141 
70 58 
24 135 
 
153 135 
101 94 
99 125 
61 58 
105 118 
102 118 
117 164 
87 115 
109 132 
110 95 
59 58 
95 136 
 
63 109 
110 120 
 
64 52 
 
99 100 
 
105 117 
95 133 
129 132 109 130 
97 101 
105 117 
107 117 
88 145 
91 127 
99 101 
101 96 
102 109 
112 110 90 106 
42 54 
72 112 
0 155 
88 114 
204 130 
87 137 
114 148 
106 134 
105 117 
112 133 
91 79 
97 116 
102 115 
50 57 
55 56 
125 122 106 116 
48 110 
101 119 
113 140 
131 130 168 139 
93 83 
100 98 
88 114 
111 148 
100 118 
60 58 
110 98 
97 123 
109 133 
92 135 
101 92 
100 100 
97 100 
128 131 113 129 
237 124 
83 131 
 
130 131 154 142 
 
98 125 
117 162 
104 134 
109 120 
 
98 117 
92 137 
98 102 
97 119 
104 134 
83 116 
104 134 
104 136 
 
105 117 
99 118 
106 131 
103 135 
117 146 
108 131 
109 133 
 
 
107 117 
99 92 
114 145 
97 136 
 
102 92 
57 55 
108 120 
95 129 
57 56 
49 56 
115 108 96 104 
90 126 
91 128 
106 134 
91 126 
109 132 
96 59 
249 123 
63 108 
20 134 
103 135 
84 115 
128 132 142 141 
109 130 
99 100 
102 136 
62 58 
103 136 
119 100 
111 141 
126 106 105 103 
114 97 
119 144 
108 121 
109 118 
96 136 
173 134 
110 133 
98 118 
108 131 
109 132 
100 99 
152 41 
61 109 
109 130 
99 95 
102 135 
105 134 
99 93 
101 98 
88 130 
109 120 
68 110 
52 56 
106 132 
50 56 
76 57 
97 99 
132 132 123 132 
99 117 
97 118 
96 92 
 
101 118 
115 146 
99 118 
98 98 
76 114 
98 137 
81 57 
106 134 
67 109 
75 57 
106 117 
227 120 
76 114 
107 116 
111 150 
85 60 
101 94 
104 118 
93 126 
99 136 
128 44 
99 118 
90 115 
114 149 
204 129 
116 147 
99 136 
110 145 
89 114 
96 123 
 
121 100 
142 138 
101 117 
107 131 
47 110 
106 117 
66 114 
88 135 
95 122 
106 134 
115 142 
131 132 124 133 
90 127 
52 58 
73 114 
110 120 
117 145 
81 57 
112 132 
 
101 91 
109 122 
83 61 
110 152 
84 80 
89 83 
92 125 
37 115 
41 51 
192 130 
102 89 
63 104 
73 113 
109 136 
87 114 
113 146 
132 132 122 132 
98 146 
160 133 
107 134 
97 128 
116 147 
96 137 
220 108 
107 117 
105 117 
70 114 
102 118 
130 130 163 140 
116 99 
85 76 
94 115 
133 131 114 128 
97 90 
68 57 
113 132 
93 126 
107 132 
96 126 
63 51 
57 55 
107 117 
111 133 
72 114 
99 118 
109 121 
92 126 
107 132 
106 134 
99 100 
85 116 
58 67 
85 83 
64 115 
58 108 
92 126 
128 131 130 136 
119 102 
94 85 
111 135 
113 99 
46 56 
104 132 
 
70 57 
69 60 
102 136 
114 143 
89 114 
160 166 
114 151 
201 129 
116 100 
110 131 
107 116 
106 134 
117 101 
33 115 
108 120 
94 130 
106 116 
107 131 
99 91 
104 118 
100 118 
169 133 
99 101 
104 136 
99 96 
49 58 
106 117 
99 94 
107 131 
112 117 
52 57 
108 134 
101 117 
108 165 
108 153 
109 133 
108 132 
128 131 114 129 
110 131 
58 115 
109 142 
104 118 
114 143 
110 133 
95 142 
 
111 93 
116 139 
111 132 
86 62 
192 132 
106 136 
97 136 
129 131 145 142 
100 99 
101 96 
97 145 
108 117 
108 132 
83 137 
108 164 
111 131 
95 116 
82 57 
107 116 
105 117 
97 101 
99 97 
56 58 
108 147 
83 83 
99 94 
101 119 
253 124 
103 134 
116 141 
112 130 
52 106 
115 108 94 103 
62 109 
43 112 
109 120 
43 126 
71 112 
110 135 
61 116 
32 126 
74 114 
99 100 
98 118 
106 131 
95 130 
118 96 
116 146 
84 137 
108 152 
208 130 
110 143 
106 131 
110 133 
95 138 
 
30 134 
96 136 
129 131 127 134 
104 132 
241 124 
98 97 
117 146 
105 118 
129 132 109 129 
104 134 
107 117 
87 116 
82 82 
102 64 
101 96 
60 109 
99 117 
102 136 
69 112 
97 136 
94 125 
97 117 
104 116 
115 148 
98 125 
70 110 
99 119 
75 115 
52 123 
101 137 
54 56 
70 60 
112 142 
99 100 
101 88 
128 131 108 128 
45 111 
39 117 
108 131 
97 99 
92 126 
95 142 
105 134 
97 118 
174 30 
92 131 
86 114 
102 88 
91 132 
78 82 
109 121 
75 58 
99 136 
63 109 
90 135 
100 94 
45 56 
94 115 
7 151 
106 134 
92 135 
119 153 
101 101 
176 37 
102 118 
46 111 
 
109 120 
108 141 
103 134 
99 116 
84 85 
105 117 
99 118 
85 60 
96 120 
54 56 
102 118 
100 99 
104 134 
105 134 
 
100 96 
111 130 
105 134 
81 61 
116 140 
128 132 107 129 
53 111 
100 90 
109 118 
75 54 
115 142 
119 101 
98 136 
97 119 
132 131 111 129 
61 117 
84 115 
105 118 
 
113 147 
90 127 
99 93 
12 123 
112 116 
99 91 
109 121 
83 57 
98 90 
118 140 
110 132 
100 91 
116 141 
97 94 
 
61 68 
44 120 
55 56 
45 119 
96 119 
86 114 
83 58 
83 72 
118 142 
102 119 
132 132 123 133 
101 92 
90 128 
120 147 
89 130 
102 135 
120 141 
107 136 
103 143 
118 147 
103 135 
88 83 
100 91 
 
68 104 
104 134 
52 56 
89 137 
79 57 
102 118 
119 100 
88 114 
105 117 
100 91 
55 56 
116 140 
57 55 
109 117 
110 148 
107 134 
111 147 
99 94 
97 137 
112 132 
58 56 
26 135 
110 141 
74 113 
70 111 
115 108 94 103 
106 131 
83 143 
112 133 
56 51 
127 131 111 128 
96 98 
105 117 
106 116 
88 114 
113 146 
102 118 
48 56 
118 140 
96 126 
97 119 
105 136 
115 148 
108 98 
145 151 
81 59 
117 142 
111 122 
71 66 
102 119 
93 128 
98 99 
98 100 
100 95 
100 93 
87 78 
97 118 
76 78 
76 65 
115 145 
103 134 
55 56 
247 46 
101 134 
111 132 
130 132 126 135 
98 117 
116 141 
98 136 
131 131 149 142 
98 94 
79 67 
32 126 
97 100 
111 150 
112 117 
127 131 109 128 
117 148 
101 136 
208 130 
99 119 
200 130 
90 127 
92 124 
54 116 
116 147 
47 109 
 
78 137 
86 62 
55 59 
99 91 
104 136 
63 142 
101 37 
110 119 
113 147 
95 145 
112 150 
121 102 
104 135 
118 142 
58 58 
108 120 
93 138 
120 99 
101 119 
105 117 
110 141 
97 99 
108 131 
92 136 
91 137 
 
99 144 
106 116 
59 135 
85 114 
99 118 
229 124 
95 135 
96 120 
40 113 
111 142 
104 117 
131 132 123 133 
114 96 
95 136 
105 117 
92 135 
93 57 
110 133 
104 69 
86 61 
113 100 
 
116 146 
80 58 
87 136 
98 97 
103 134 
130 131 159 141 
195 130 
128 130 113 129 
128 132 141 141 
48 110 
 
98 118 
216 70 
72 114 
117 141 
88 136 
54 116 
109 149 
108 131 
184 132 
 
117 146 
215 119 
96 119 
115 142 
130 130 164 140 
119 140 
102 85 
98 136 
13 147 
112 130 
42 54 
102 93 
51 111 
55 109 
85 62 
102 118 
59 109 
129 132 132 137 
81 78 
91 128 
111 147 
75 57 
85 62 
103 136 
65 112 
82 73 
101 136 
81 57 
98 119 
105 91 
70 109 
98 100 
107 135 
108 133 
93 135 
112 144 
81 114 
49 112 
85 60 
98 119 
101 135 
97 99 
105 134 
85 62 
110 121 
59 59 
181 82 
66 112 
67 109 
140 144 
102 97 
104 118 
232 124 
98 26 
94 136 
71 112 
100 51 
107 132 
98 117 
52 56 
99 118 
100 118 
93 131 
215 128 
92 127 
55 122 
195 70 
94 136 
131 131 111 128 
57 58 
105 89 
91 128 
131 131 150 142 
93 130 
56 107 
68 113 
107 133 
114 149 
102 97 
98 136 
73 113 
97 101 
100 91 
57 51 
106 133 
106 136 
111 148 
102 134 
92 88 
109 118 
 
101 98 
100 95 
111 142 
71 112 
113 110 94 104 
98 94 
100 137 
129 132 108 128 
69 113 
61 102 
104 134 
128 131 113 129 
 
74 115 
76 57 
101 88 
98 99 
111 133 
76 114 
49 124 
86 62 
119 142 
117 142 
109 98 
100 99 
111 131 
100 99 
111 92 
115 145 
 
69 114 
127 111 107 108 
132 132 112 129 
130 132 126 135 
89 128 
101 118 
83 115 
92 127 
95 136 
100 144 
98 117 
117 141 
102 94 
113 141 
 
112 108 90 105 
97 97 
 
114 109 95 104 
109 134 
88 114 
76 114 
125 140 
96 126 
110 147 
129 131 130 136 
114 146 
114 146 
61 116 
100 136 
97 136 
114 145 
113 93 
97 119 
67 111 
102 119 
161 167 
98 91 
95 120 
175 88 
51 109 
108 59 
 
114 30 
114 108 94 103 
87 61 
86 84 
51 138 
67 113 
106 134 
51 136 
118 142 
118 147 
85 114 
101 116 
109 133 
241 122 
128 132 129 136 
115 139 
73 61 
98 119 
101 119 
107 150 
116 140 
102 136 
106 132 
64 109 
113 97 
105 116 
101 144 
100 97 
100 92 
80 77 
101 118 
 
116 143 
99 144 
52 123 
73 103 
222 63 
85 60 
101 93 
130 131 128 135 
100 135 
111 132 
95 129 
95 135 
111 119 
113 99 
105 66 
110 133 
104 118 
98 99 
108 130 
86 129 
104 136 
164 143 
104 118 
73 74 
97 124 
105 118 
71 113 
101 136 
114 146 
252 55 
39 112 
106 90 
108 118 
104 118 
102 88 
94 115 
103 134 
100 119 
101 93 
99 118 
93 127 
97 143 
110 133 
109 140 
109 118 
107 116 
97 120 
102 90 
101 93 
99 94 
90 128 
111 121 
109 150 
93 136 
104 134 
118 140 
100 116 
183 139 
108 117 
105 118 
84 59 
102 111 
234 66 
93 125 
98 136 
 
88 114 
102 135 
102 92 
131 131 148 142 
113 145 
112 108 91 104 
102 144 
112 98 
86 61 
109 133 
118 98 
102 118 
101 119 
115 145 
86 81 
178 44 
84 115 
97 96 
114 145 
 
57 56 
71 139 
117 146 
111 132 
104 136 
67 60 
130 131 155 142 
73 110 
114 145 
104 117 
72 112 
85 114 
95 129 
90 128 
92 115 
55 58 
70 112 
53 56 
94 143 
86 62 
99 118 
107 130 
97 136 
54 56 
58 56 
 
85 61 
27 141 
103 91 
75 52 
58 58 
99 117 
187 77 
102 136 
118 141 
109 122 
 
217 65 
64 109 
103 135 
133 132 113 129 
93 122 
174 151 
117 145 
83 139 
100 88 
99 117 
115 140 
85 60 
98 140 
60 113 
130 130 156 141 
107 117 
112 130 
98 119 
108 153 
105 118 
61 58 
118 141 
56 58 
 
136 44 
102 119 
114 148 
54 109 
98 100 
151 39 
110 123 
115 147 
67 106 
88 136 
86 128 
108 130 
112 110 91 107 
105 136 
174 145 
32 124 
68 109 
248 45 
152 45 
224 62 
130 132 119 131 
116 100 
104 134 
101 116 
90 114 
99 91 
247 122 
100 98 
99 118 
101 93 
95 116 
103 91 
63 52 
119 142 
101 118 
155 162 
71 112 
53 56 
111 134 
60 111 
101 135 
117 143 
172 31 
97 136 
100 79 
82 60 
109 118 
98 96 
93 125 
107 134 
50 56 
35 132 
109 149 
110 119 
131 129 180 135 
241 124 
108 135 
51 58 
130 132 118 131 
116 145 
65 105 
114 96 
109 132 
95 136 
101 90 
101 135 
80 59 
104 134 
109 94 
94 128 
97 123 
102 97 
100 95 
61 55 
76 57 
10 148 
96 123 
184 147 
 
112 140 
68 112 
92 126 
104 119 
100 91 
102 134 
119 142 
30 127 
91 126 
137 139 
95 136 
57 113 
109 119 
130 132 119 131 
92 87 
91 127 
207 129 
102 94 
107 135 
100 137 
93 131 
55 59 
104 116 
116 147 
74 58 
106 134 
108 117 
 
53 56 
159 164 
108 131 
102 97 
47 120 
115 149 
45 117 
96 118 
79 81 
70 61 
98 144 
111 93 
107 134 
92 126 
81 137 
98 118 
116 149 
75 114 
131 132 121 132 
75 114 
56 54 
92 130 
102 136 
105 118 
109 120 
101 92 
110 133 
110 120 
110 120 
122 141 
102 92 
128 132 143 141 
100 98 
108 136 
97 100 
99 92 
96 123 
80 81 
99 117 
103 136 
101 136 
140 138 
110 120 
118 145 
94 129 
100 90 
102 119 
119 142 
96 136 
69 57 
61 109 
15 148 
96 135 
105 136 
79 65 
97 119 
114 147 
101 116 
95 115 
131 131 149 142 
105 118 
100 117 
96 60 
90 129 
98 91 
108 131 
54 56 
45 50 
 
104 134 
105 135 
130 132 119 131 
102 135 
97 101 
59 108 
117 100 
118 142 
219 110 
110 149 
94 44 
116 140 
99 118 
77 115 
69 111 
56 54 
119 153 
108 133 
70 111 
100 92 
108 99 
111 132 
58 146 
97 135 
100 93 
102 118 
253 55 
94 128 
131 129 173 137 
93 127 
 
48 56 
99 118 
130 132 126 135 
93 135 
96 145 
110 133 
56 51 
106 99 
241 118 
115 101 
128 132 138 140 
118 100 
74 82 
71 110 
104 117 
101 94 
99 117 
94 137 
94 128 
116 141 
115 147 
82 82 
110 120 
87 73 
95 95 
113 142 
71 114 
106 133 
100 92 
110 121 
 
118 142 
98 136 
83 57 
89 114 
98 136 
114 97 
72 109 
99 118 
107 132 
97 126 
176 133 
54 107 
97 100 
79 114 
73 114 
111 99 
117 145 
97 76 
112 132 
193 132 
81 57 
131 131 150 142 
87 61 
83 115 
113 146 
95 122 
117 145 
98 98 
120 102 
82 82 
101 116 
101 93 
111 132 
95 137 
92 126 
100 92 
137 141 
51 56 
93 126 
60 51 
104 134 
106 136 
113 98 
99 136 
131 129 179 136 
114 142 
77 79 
100 135 
53 57 
51 58 
115 147 
105 89 
105 118 
69 113 
128 131 141 141 
103 132 
105 113 
68 113 
91 128 
93 125 
69 112 
254 121 
109 132 
134 131 116 129 
6 150 
128 131 113 129 
115 142 
120 143 
115 148 
109 119 
74 114 
131 132 124 133 
44 142 
101 136 
99 117 
106 117 
68 111 
107 116 
109 134 
106 117 
154 134 
128 132 107 128 
220 106 
90 127 
78 115 
99 117 
56 116 
107 133 
130 128 111 121 
99 118 
127 43 
105 118 
211 100 
118 141 
41 120 
93 130 
116 147 
85 61 
125 140 
117 146 
109 154 
91 115 
107 141 
85 61 
117 141 
99 93 
127 130 108 128 
132 132 122 132 
91 115 
112 132 
107 135 
60 59 
75 114 
109 133 
94 129 
130 132 124 134 
105 136 
113 146 
66 139 
110 133 
84 59 
116 142 
102 118 
58 109 
110 148 
55 105 
96 125 
102 118 
100 101 
119 154 
94 22 
101 152 
146 137 
98 97 
109 117 
41 112 
101 96 
42 54 
97 119 
100 119 
102 136 
116 149 
220 67 
67 57 
129 132 135 139 
110 132 
101 117 
61 59 
107 120 
101 93 
188 55 
113 149 
106 132 
127 131 106 128 
98 98 
150 136 
110 134 
100 118 
100 118 
89 114 
89 129 
116 140 
63 106 
115 143 
59 59 
100 91 
87 61 
93 115 
102 134 
60 52 
97 91 
110 148 
96 129 
95 129 
131 131 110 128 
66 59 
105 132 
57 58 
112 147 
101 87 
105 134 
103 135 
39 117 
135 131 116 129 
116 145 
91 127 
102 134 
102 85 
109 131 
101 95 
99 118 
174 153 
65 112 
113 98 
116 143 
105 136 
102 118 
106 136 
101 119 
45 113 
98 95 
61 59 
72 62 
102 118 
111 120 
110 134 
107 141 
90 127 
104 118 
90 138 
78 114 
74 67 
90 115 
85 60 
45 119 
57 54 
99 118 
101 91 
91 127 
81 59 
107 116 
100 136 
58 59 
115 147 
 
216 121 
105 133 
79 114 
95 130 
99 118 
77 114 
84 114 
97 96 
112 93 
64 111 
101 90 
98 94 
94 128 
112 93 
103 136 
92 129 
100 93 
107 130 
58 106 
113 108 90 104 
61 110 
 
101 94 
116 101 
91 127 
165 144 
78 113 
110 120 
87 61 
98 90 
96 89 
107 117 
105 134 
75 61 
101 91 
118 142 
38 122 
92 81 
105 134 
93 137 
66 60 
102 118 
105 134 
 
94 128 
106 116 
114 95 
109 151 
105 118 
130 131 149 142 
 
98 118 
47 109 
109 133 
107 132 
84 60 
188 51 
111 147 
97 120 
26 130 
197 131 
74 72 
67 111 
100 96 
101 116 
97 136 
104 118 
113 93 
107 135 
116 107 95 104 
111 133 
78 114 
105 135 
110 120 
99 118 
97 119 
91 82 
98 117 
98 98 
68 109 
117 145 
 
94 137 
75 57 
52 56 
105 117 
109 127 
100 92 
101 135 
22 164 
103 136 
108 134 
51 56 
113 142 
116 140 
70 113 
103 96 
100 93 
76 57 
85 60 
103 118 
105 118 
50 56 
97 101 
81 57 
110 120 
149 35 
115 99 
118 146 
107 159 
230 60 
90 114 
34 124 
 
110 119 
93 128 
50 57 
104 51 
91 132 
94 136 
53 56 
113 147 
85 136 
105 116 
145 49 
110 45 
108 131 
238 123 
111 110 91 107 
255 55 
105 118 
108 131 
129 131 131 137 
66 109 
84 87 
101 118 
61 107 
98 136 
100 90 
73 113 
115 144 
63 51 
85 73 
52 56 
105 117 
106 133 
111 142 
117 146 
101 136 
94 128 
217 115 
111 147 
101 136 
99 118 
98 92 
116 146 
129 131 108 128 
101 136 
59 112 
83 87 
57 110 
113 150 
121 100 
156 134 
96 118 
103 134 
98 140 
128 132 142 141 
115 109 95 104 
243 52 
129 132 116 130 
109 132 
101 92 
109 133 
101 90 
106 116 
46 56 
116 141 
109 118 
80 85 
106 134 
100 93 
131 129 178 136 
101 91 
96 119 
146 151 
89 129 
92 87 
102 118 
 
97 89 
112 92 
100 90 
131 130 167 139 
104 118 
153 135 
55 58 
117 141 
35 54 
99 94 
128 132 143 141 
216 66 
106 118 
122 102 
101 136 
224 68 
214 67 
76 57 
130 130 158 141 
107 136 
105 119 
99 117 
97 141 
 
196 90 
98 118 
130 130 158 141 
183 146 
102 135 
90 128 
101 94 
110 96 
114 148 
130 131 150 142 
88 138 
113 142 
89 127 
104 134 
114 145 
43 129 
100 95 
 
32 132 
105 132 
94 122 
84 115 
96 119 
63 52 
117 142 
54 58 
117 141 
96 122 
109 117 
56 58 
62 55 
76 114 
86 62 
74 57 
105 135 
87 61 
110 150 
111 121 
98 100 
46 58 
86 72 
98 98 
107 117 
116 146 
108 117 
104 134 
194 132 
238 125 
 
105 117 
101 117 
104 53 
108 120 
104 136 
103 91 
100 100 
88 127 
117 148 
98 95 
109 132 
108 118 
55 55 
95 127 
93 136 
128 148 
116 101 
110 120 
 
98 100 
100 118 
114 144 
243 123 
105 135 
143 45 
143 43 
104 134 
118 145 
95 115 
107 167 
98 102 
106 99 
72 58 
95 136 
100 137 
99 98 
98 98 
92 126 
82 144 
99 118 
63 114 
99 92 
104 132 
104 119 
112 97 
 
113 144 
104 118 
64 59 
60 109 
97 99 
64 141 
101 95 
 
67 111 
97 118 
100 136 
131 130 166 139 
116 140 
98 98 
97 144 
100 118 
108 116 
105 134 
105 136 
115 142 
111 99 
118 147 
116 147 
101 116 
186 44 
130 131 150 142 
107 116 
93 125 
107 118 
100 137 
98 119 
65 113 
129 131 144 141 
107 133 
110 141 
110 120 
107 117 
99 102 
106 134 
102 85 
101 92 
130 132 110 129 
119 101 
109 122 
131 130 164 140 
126 130 108 128 
175 34 
56 56 
99 116 
102 134 
95 127 
85 61 
131 130 173 137 
108 131 
109 120 
111 120 
95 123 
130 130 156 142 
128 132 136 139 
106 134 
82 137 
1 153 
4 155 
111 134 
99 144 
87 135 
48 125 
91 115 
73 113 
107 117 
114 96 
95 143 
131 129 180 135 
92 131 
100 117 
92 126 
92 126 
107 117 
90 141 
117 142 
105 134 
57 59 
114 146 
96 98 
57 51 
94 127 
108 131 
40 127 
64 106 
116 146 
116 145 
105 136 
109 133 
80 81 
130 130 162 141 
101 90 
59 55 
67 138 
101 49 
103 152 
111 132 
75 110 
48 56 
107 117 
111 121 
28 126 
106 117 
71 58 
107 133 
90 129 
66 111 
102 118 
115 139 
130 132 119 131 
117 146 
21 164 
129 132 134 138 
104 118 
98 125 
43 116 
90 129 
131 132 111 130 
86 141 
75 114 
118 160 
90 128 
15 146 
107 135 
60 108 
101 95 
92 81 
99 119 
77 114 
53 56 
131 129 167 139 
101 94 
78 115 
118 146 
109 130 
180 132 
95 76 
51 56 
78 114 
109 132 
114 110 94 104 
 
99 119 
79 61 
166 145 
104 118 
192 86 
101 93 
 
81 80 
98 102 
130 131 154 142 
98 99 
103 135 
68 113 
100 94 
111 120 
109 121 
86 73 
101 119 
46 57 
97 25 
28 53 
97 48 
82 60 
71 115 
94 136 
58 57 
 
109 133 
103 136 
4 152 
114 97 
87 129 
152 135 
183 81 
93 143 
70 57 
71 113 
36 124 
97 100 
108 152 
101 116 
41 113 
98 117 
109 118 
98 117 
146 51 
109 132 
100 96 
50 108 
255 54 
77 57 
105 119 
101 119 
62 58 
97 101 
 
103 96 
97 120 
115 98 
120 100 
100 92 
76 114 
68 112 
198 131 
107 135 
97 119 
81 137 
106 57 
105 116 
108 132 
55 51 
 
32 137 
92 126 
78 57 
99 98 
233 125 
108 119 
89 137 
87 131 
65 109 
100 136 
95 136 
43 54 
100 101 
78 84 
55 108 
115 142 
88 61 
101 119 
78 57 
 
101 89 
71 114 
161 162 
119 100 
117 141 
 
71 111 
61 69 
101 134 
96 136 
116 109 95 104 
107 131 
106 136 
65 109 
136 141 
111 132 
57 58 
92 85 
98 99 
127 131 113 129 
117 141 
84 115 
35 118 
 
113 98 
112 98 
98 118 
111 112 91 107 
49 56 
103 134 
111 121 
75 78 
85 60 
117 102 
99 136 
70 114 
 
94 130 
106 117 
92 126 
100 91 
110 152 
67 112 
99 118 
111 150 
129 131 127 134 
53 56 
92 80 
99 118 
75 114 
101 118 
129 130 112 128 
52 108 
109 132 
97 95 
59 145 
66 60 
110 133 
96 125 
120 101 
181 145 
103 136 
100 118 
112 100 
113 100 
101 92 
109 133 
86 61 
109 121 
100 97 
99 100 
67 64 
113 145 
82 139 
110 145 
65 57 
112 144 
113 95 
87 114 
94 115 
88 114 
92 115 
108 141 
98 100 
97 144 
116 142 
45 127 
110 119 
95 127 
52 56 
118 158 
102 135 
99 117 
178 143 
104 151 
98 92 
57 51 
106 135 
54 58 
108 130 
109 120 
18 146 
107 132 
101 116 
99 117 
116 142 
96 136 
107 120 
97 119 
88 114 
99 96 
114 150 
113 145 
64 113 
111 147 
100 116 
40 57 
102 135 
96 121 
121 102 
101 99 
115 98 
129 129 110 122 
228 60 
50 59 
112 139 
61 144 
79 114 
101 135 
110 120 
99 78 
59 51 
93 130 
129 132 144 141 
113 99 
131 132 121 131 
98 117 
112 144 
106 97 
106 117 
114 109 94 104 
104 92 
70 58 
72 114 
119 100 
50 56 
130 131 111 128 
193 71 
56 134 
100 136 
116 101 
102 118 
108 118 
98 98 
116 139 
130 131 152 142 
117 143 
109 130 
118 146 
103 135 
100 97 
44 138 
108 130 
111 135 
42 51 
111 151 
86 61 
54 56 
147 136 
103 118 
85 136 
 
109 130 
105 118 
116 140 
67 112 
97 137 
112 109 91 106 
131 130 170 138 
107 117 
32 127 
129 123 108 120 
111 120 
97 118 
61 131 
101 94 
101 135 
101 119 
87 138 
105 118 
107 136 
84 80 
111 130 
47 54 
91 126 
100 118 
95 135 
106 116 
61 55 
117 142 
121 101 
85 60 
93 91 
129 131 131 137 
149 136 
103 135 
43 128 
108 132 
108 118 
114 146 
105 134 
89 136 
101 95 
75 61 
98 142 
103 136 
107 116 
136 34 
105 118 
47 56 
97 100 
 
107 136 
58 132 
82 57 
114 148 
106 116 
72 73 
72 61 
100 92 
84 130 
100 118 
99 95 
183 132 
74 57 
105 118 
99 92 
71 81 
97 119 
100 100 
83 116 
108 117 
98 117 
129 131 137 139 
81 74 
62 59 
117 146 
92 85 
100 93 
75 115 
112 147 
100 117 
109 119 
90 127 
93 140 
113 139 
99 95 
 
102 109 
97 100 
100 95 
99 140 
56 57 
108 132 
73 104 
109 136 
101 95 
101 93 
111 120 
113 137 
93 125 
105 90 
100 118 
100 136 
40 138 
77 113 
109 119 
107 133 
55 54 
108 116 
107 132 
96 47 
107 136 
100 116 
98 141 
107 134 
109 117 
56 50 
131 129 175 136 
121 102 
220 128 
196 131 
101 40 
73 115 
50 56 
103 136 
82 57 
101 92 
125 145 
 
92 81 
100 98 
98 118 
 
50 56 
109 132 
114 141 
129 132 141 141 
99 118 
178 43 
90 78 
106 150 
117 141 
99 117 
217 128 
102 97 
106 134 
111 133 
89 130 
108 120 
168 133 
53 110 
97 96 
106 134 
110 125 
91 115 
163 142 
102 118 
115 142 
100 94 
100 95 
101 119 
64 110 
92 86 
130 131 151 142 
51 56 
98 118 
69 113 
106 134 
129 131 133 138 
98 117 
76 114 
255 119 
131 132 126 134 
79 58 
111 145 
80 61 
101 136 
80 58 
81 70 
131 130 167 139 
78 57 
73 114 
101 117 
107 131 
97 126 
21 164 
45 111 
85 116 
111 111 90 107 
115 146 
114 145 
106 135 
103 134 
108 117 
109 132 
255 53 
110 132 
42 113 
100 117 
102 93 
48 140 
90 127 
115 143 
112 108 91 105 
113 110 94 104 
110 133 
99 118 
105 117 
129 139 
100 96 
129 132 117 131 
117 102 
56 51 
98 92 
99 91 
102 120 
116 146 
109 131 
107 131 
76 61 
78 114 
65 112 
 
111 120 
91 126 
70 110 
94 115 
105 134 
97 137 
104 118 
108 117 
115 144 
170 133 
58 121 
104 118 
112 95 
56 110 
 
97 99 
118 141 
95 116 
97 101 
175 133 
55 56 
39 112 
99 117 
68 112 
100 96 
116 142 
109 120 
21 144 
91 130 
85 61 
 
178 132 
115 143 
36 127 
116 147 
102 119 
82 60 
98 99 
103 136 
105 135 
73 74 
104 96 
92 127 
121 100 
117 146 
79 70 
120 33 
113 147 
100 99 
96 142 
107 133 
111 133 
55 58 
90 128 
102 115 
109 131 
96 98 
116 108 95 103 
54 111 
97 94 
99 98 
95 116 
96 135 
84 60 
79 58 
93 131 
61 115 
110 47 
30 127 
88 116 
66 109 
88 61 
97 118 
218 112 
103 134 
96 94 
98 86 
86 60 
73 78 
97 96 
234 120 
118 145 
94 128 
111 111 90 107 
106 131 
108 117 
17 145 
115 146 
129 132 134 138 
106 134 
105 118 
99 101 
83 115 
113 146 
140 38 
101 96 
104 118 
22 143 
124 106 103 103 
108 136 
110 122 
108 135 
108 132 
96 118 
106 117 
110 133 
115 146 
131 129 176 136 
109 120 
100 90 
119 142 
41 54 
74 60 
95 116 
60 58 
 
98 117 
97 120 
106 136 
80 81 
106 117 
57 51 
21 132 
89 114 
112 150 
98 117 
128 131 114 129 
89 144 
109 118 
100 118 
75 115 
131 128 183 133 
64 107 
107 131 
101 99 
132 131 115 128 
100 135 
86 114 
112 147 
103 115 
131 129 175 137 
88 135 
103 152 
99 144 
100 100 
95 116 
56 113 
112 143 
104 91 
85 114 
108 117 
89 144 
62 109 
130 131 109 128 
118 147 
43 143 
27 157 
 
119 144 
81 145 
97 101 
57 116 
101 137 
87 116 
92 142 
98 92 
117 160 
55 58 
118 147 
92 136 
107 134 
117 145 
138 139 
107 132 
78 115 
56 54 
95 136 
109 118 
39 54 
109 132 
99 117 
109 133 
94 129 
74 68 
93 125 
95 137 
115 111 96 105 
127 131 112 128 
100 117 
113 146 
98 118 
64 113 
188 131 
149 33 
 
62 59 
114 109 94 104 
119 100 
129 132 117 131 
86 62 
99 119 
81 81 
89 143 
97 146 
112 146 
107 117 
98 92 
100 91 
54 56 
76 114 
99 94 
111 97 
98 144 
102 135 
87 61 
108 121 
99 101 
99 118 
53 58 
110 120 
85 82 
107 135 
126 41 
105 132 
98 97 
118 140 
111 133 
97 97 
76 114 
76 115 
100 92 
79 60 
98 101 
114 148 
186 131 
36 57 
94 137 
77 57 
 
105 117 
106 136 
95 136 
135 51 
160 51 
71 113 
54 59 
95 145 
82 84 
109 121 
109 133 
114 145 
108 119 
108 121 
64 58 
98 117 
 
46 127 
247 124 
98 136 
118 141 
104 116 
130 128 111 122 
93 137 
97 97 
101 95 
99 117 
130 132 124 133 
89 128 
121 102 
128 131 130 136 
103 137 
129 132 146 142 
101 93 
107 136 
118 115 99 109 
106 135 
58 52 
107 56 
130 132 117 131 
85 85 
119 101 
100 118 
92 137 
98 119 
100 91 
100 99 
100 34 
67 57 
90 129 
60 59 
98 96 
117 147 
111 94 
98 134 
107 134 
130 130 156 141 
106 138 
104 151 
 
100 98 
98 100 
102 90 
107 150 
105 118 
153 159 
125 140 
105 89 
94 128 
83 57 
85 62 
70 113 
114 97 
81 115 
102 89 
59 52 
107 136 
94 129 
100 118 
236 64 
107 156 
80 60 
57 57 
117 100 
 
114 141 
70 114 
54 135 
102 95 
108 117 
108 135 
112 150 
99 118 
79 70 
89 136 
 
113 94 
111 120 
107 132 
90 128 
87 115 
87 61 
134 140 
105 118 
101 94 
206 130 
148 137 
53 56 
148 32 
116 142 
198 79 
64 103 
92 125 
99 93 
113 98 
24 137 
100 119 
 
96 137 
74 78 
109 95 
60 55 
100 118 
92 87 
110 132 
77 115 
106 117 
52 58 
99 119 
107 121 
105 116 
110 141 
99 136 
101 93 
107 117 
103 135 
51 109 
61 59 
101 93 
51 59 
128 131 114 129 
43 119 
150 155 
73 113 
63 106 
95 127 
113 146 
72 112 
102 136 
98 117 
52 104 
78 113 
106 133 
114 97 
126 148 
200 68 
77 57 
106 117 
90 128 
131 132 110 129 
97 97 
113 144 
98 117 
102 134 
67 111 
93 127 
53 58 
121 102 
66 61 
 
101 117 
29 140 
63 116 
131 129 180 135 
 
147 43 
101 99 
130 132 110 129 
93 115 
81 57 
134 132 114 129 
75 114 
129 131 146 142 
128 131 115 129 
99 136 
77 78 
109 135 
88 114 
129 131 109 128 
102 118 
209 73 
69 113 
170 133 
91 143 
54 57 
59 59 
92 126 
106 131 
46 51 
97 125 
105 89 
246 124 
107 117 
105 118 
60 105 
89 79 
66 107 
86 62 
129 132 133 138 
99 117 
117 141 
89 135 
111 133 
101 93 
90 142 
239 63 
117 146 
68 71 
107 131 
101 118 
114 141 
113 144 
92 131 
179 132 
108 118 
114 97 
69 113 
109 147 
62 51 
105 92 
99 98 
38 114 
113 146 
107 134 
97 118 
163 134 
114 110 94 104 
 
51 59 
239 121 
119 144 
97 96 
87 61 
119 146 
109 131 
105 136 
94 137 
114 107 94 103 
59 57 
47 56 
62 59 
114 145 
131 129 175 137 
107 116 
117 146 
42 112 
 
101 88 
54 57 
202 130 
105 132 
53 54 
96 145 
86 73 
34 121 
69 108 
53 58 
47 129 
167 133 
54 58 
100 153 
91 136 
95 129 
130 130 164 140 
170 149 
77 57 
84 60 
111 132 
115 110 94 105 
113 109 92 105 
82 59 
102 119 
104 135 
85 60 
91 56 
104 135 
96 118 
100 96 
104 118 
101 89 
53 56 
78 57 
85 59 
97 98 
103 136 
96 116 
97 119 
118 147 
113 146 
100 100 
56 56 
91 138 
99 94 
116 100 
98 93 
101 92 
120 35 
75 112 
111 93 
98 117 
60 59 
128 132 138 140 
62 107 
56 57 
82 57 
98 90 
58 58 
108 136 
109 120 
111 96 
107 150 
81 71 
 
103 135 
111 110 90 106 
111 133 
75 114 
86 116 
69 109 
32 123 
53 107 
90 127 
97 136 
98 118 
98 117 
52 58 
56 107 
100 118 
167 134 
79 145 
100 136 
102 97 
95 135 
118 143 
158 164 
108 133 
142 41 
64 120 
103 134 
105 136 
104 134 
167 146 
131 129 175 136 
100 137 
93 126 
211 71 
58 54 
212 70 
64 58 
89 128 
101 89 
99 118 
127 131 111 129 
98 117 
110 120 
198 131 
88 128 
 
128 131 109 128 
105 117 
115 148 
108 119 
102 93 
136 139 
92 127 
105 117 
81 69 
128 131 111 129 
110 131 
101 95 
99 99 
97 118 
64 113 
119 102 
53 54 
162 141 
110 132 
98 99 
249 123 
117 96 
53 58 
99 97 
111 99 
117 146 
119 151 
107 134 
101 93 
101 116 
59 58 
49 58 
96 136 
105 132 
48 58 
116 144 
127 131 111 129 
107 117 
109 141 
96 137 
190 149 
101 95 
185 140 
99 93 
104 136 
70 114 
100 98 
104 142 
86 131 
127 131 109 128 
46 110 
99 102 
130 132 109 129 
125 39 
84 57 
37 57 
60 55 
93 142 
93 126 
81 60 
107 117 
112 130 
131 129 181 134 
87 61 
 
111 111 90 107 
67 110 
91 125 
97 96 
90 136 
86 137 
52 56 
79 57 
115 145 
 
53 58 
106 56 
93 129 
99 62 
113 146 
105 134 
49 58 
100 93 
116 141 
96 120 
 
100 118 
116 140 
253 119 
119 143 
109 129 
99 101 
250 56 
53 58 
106 118 
105 41 
101 90 
87 128 
49 57 
98 135 
109 133 
74 113 
106 90 
128 130 114 129 
107 59 
104 134 
113 151 
131 130 178 136 
105 118 
82 139 
100 100 
128 131 107 128 
109 120 
71 112 
99 99 
93 129 
60 109 
41 51 
 
 
108 117 
115 146 
 
102 118 
105 117 
110 149 
111 111 91 107 
100 117 
157 163 
52 58 
48 118 
106 134 
97 90 
86 135 
52 57 
100 136 
 
102 95 
120 141 
84 60 
87 127 
82 61 
109 133 
75 115 
107 117 
118 147 
113 143 
108 117 
 
55 56 
44 116 
100 79 
97 136 
111 122 
74 112 
70 113 
54 55 
102 119 
115 98 
65 140 
87 137 
116 145 
116 146 
219 74 
131 130 179 136 
 
89 135 
98 117 
99 117 
97 101 
127 131 112 128 
115 146 
96 119 
214 70 
77 57 
99 117 
113 100 
95 116 
208 128 
 
65 52 
107 136 
97 91 
101 117 
176 142 
110 119 
100 95 
97 95 
101 153 
102 118 
104 134 
94 126 
116 140 
 
69 114 
87 61 
 
110 119 
91 135 
249 122 
102 97 
42 51 
103 132 
 
86 61 
45 57 
110 154 
28 113 
174 34 
110 134 
94 126 
253 121 
86 139 
111 152 
102 118 
105 135 
93 115 
99 97 
109 131 
115 146 
117 143 
105 135 
129 132 135 139 
104 118 
99 50 
70 113 
48 57 
91 115 
185 131 
102 92 
129 132 133 138 
129 132 109 129 
92 126 
108 119 
105 117 
114 110 95 104 
115 99 
106 135 
232 59 
85 60 
30 53 
79 55 
98 101 
102 92 
83 83 
82 57 
100 95 
98 117 
96 88 
83 116 
101 92 
66 107 
87 114 
191 73 
110 153 
62 58 
86 114 
64 69 
202 128 
131 132 111 130 
105 116 
97 123 
98 136 
103 134 
72 75 
87 61 
99 92 
72 73 
129 132 145 142 
114 98 
76 57 
95 137 
122 96 
51 112 
97 122 
111 144 
98 100 
87 114 
97 95 
105 117 
94 130 
86 85 
93 126 
105 134 
96 128 
106 134 
105 135 
180 48 
106 133 
92 130 
102 115 
115 141 
95 127 
74 57 
58 112 
111 112 90 107 
49 56 
99 97 
83 58 
106 116 
99 101 
85 136 
97 117 
98 141 
128 132 136 139 
110 133 
88 140 
100 96 
101 115 
98 97 
111 132 
99 102 
117 142 
82 57 
109 135 
107 134 
115 148 
108 149 
53 58 
105 118 
108 135 
102 119 
101 89 
110 122 
 
81 57 
67 112 
128 132 138 140 
108 134 
48 56 
103 135 
69 112 
110 132 
64 109 
96 120 
47 58 
108 134 
102 52 
110 133 
96 136 
92 84 
101 93 
50 56 
114 95 
102 136 
116 111 96 105 
81 114 
107 141 
111 133 
94 115 
105 134 
53 55 
110 120 
107 116 
93 130 
70 65 
94 128 
132 129 185 133 
97 118 
97 136 
113 137 
60 59 
94 125 
111 151 
96 118 
116 101 
99 117 
100 98 
99 92 
44 51 
68 111 
127 131 111 128 
 
99 117 
84 84 
5 154 
70 58 
117 143 
101 135 
90 127 
94 46 
99 100 
91 129 
92 127 
112 97 
85 137 
101 63 
57 51 
108 99 
108 131 
94 126 
51 110 
111 133 
69 113 
115 146 
98 99 
108 135 
101 119 
97 96 
100 93 
114 147 
84 87 
74 69 
109 134 
98 97 
109 151 
60 58 
30 133 
100 92 
61 55 
72 109 
97 100 
110 133 
84 60 
108 130 
69 111 
58 109 
175 141 
115 142 
37 57 
71 68 
88 61 
95 135 
94 128 
97 45 
46 112 
95 136 
107 130 
106 166 
96 119 
92 126 
52 108 
43 119 
107 117 
106 96 
 
107 133 
99 92 
90 139 
73 114 
187 50 
101 93 
117 102 
108 119 
90 129 
74 114 
148 153 
106 134 
131 132 110 129 
99 97 
106 116 
116 142 
114 145 
54 57 
105 117 
101 137 
116 141 
114 94 
99 145 
57 54 
108 133 
101 119 
82 61 
102 135 
116 100 
84 116 
99 98 
 
75 57 
98 94 
115 109 94 104 
100 137 
 
101 95 
103 134 
110 119 
61 52 
95 138 
94 137 
119 98 
74 64 
111 134 
84 137 
102 143 
117 102 
100 96 
85 61 
106 117 
107 95 
111 115 
86 86 
117 141 
111 142 
117 148 
102 92 
107 116 
57 56 
94 142 
98 119 
83 115 
99 118 
128 131 114 129 
79 81 
57 57 
101 88 
102 95 
130 131 148 142 
106 117 
108 141 
99 94 
108 131 
102 143 
226 61 
96 119 
99 118 
 
72 113 
118 157 
100 97 
103 134 
97 117 
105 118 
115 98 
190 74 
 
74 115 
75 113 
98 118 
189 59 
104 118 
130 131 147 142 
70 112 
84 115 
97 120 
110 135 
100 118 
106 117 
103 135 
95 129 
95 127 
12 149 
111 121 
102 135 
95 136 
101 143 
91 127 
123 36 
103 94 
65 109 
131 132 124 133 
130 130 159 141 
50 58 
108 120 
117 141 
100 118 
108 133 
11 150 
109 131 
179 144 
116 145 
95 116 
120 143 
 
54 58 
111 93 
109 132 
 
118 147 
129 131 128 135 
97 137 
95 128 
109 121 
93 85 
50 59 
101 117 
97 100 
107 120 
99 117 
105 117 
100 117 
63 68 
117 141 
104 118 
114 146 
98 92 
106 116 
92 129 
99 98 
107 135 
111 48 
103 134 
139 35 
103 134 
108 133 
108 120 
98 119 
101 90 
36 132 
71 108 
105 118 
104 88 
101 100 
109 120 
101 94 
77 114 
194 149 
196 69 
92 126 
107 117 
110 133 
103 134 
77 61 
133 140 
135 132 115 129 
107 156 
49 56 
127 131 112 129 
97 101 
99 118 
105 117 
104 134 
109 133 
90 136 
104 134 
80 139 
99 99 
135 131 116 129 
98 142 
112 149 
113 96 
109 122 
128 132 136 139 
47 112 
97 100 
117 148 
102 118 
92 128 
103 134 
106 136 
114 148 
93 136 
70 113 
117 142 
110 144 
42 115 
77 113 
84 59 
98 99 
115 144 
96 119 
101 94 
104 119 
118 100 
83 115 
83 57 
77 115 
117 159 
67 109 
190 133 
98 136 
97 99 
49 56 
54 58 
49 56 
87 82 
116 144 
100 116 
95 136 
107 117 
 
101 99 
97 136 
 
87 129 
146 137 
48 57 
87 61 
99 101 
106 89 
118 147 
169 148 
78 81 
91 115 
103 115 
70 115 
69 109 
108 147 
114 146 
76 69 
106 131 
99 118 
105 119 
117 141 
91 115 
72 114 
42 112 
58 55 
78 66 
51 56 
 
131 129 174 137 
105 134 
98 99 
129 132 133 138 
109 149 
91 127 
99 118 
116 141 
120 99 
90 128 
53 56 
98 98 
144 137 
98 86 
127 140 
93 126 
66 113 
73 113 
117 146 
92 128 
85 114 
99 136 
104 118 
110 152 
191 131 
189 133 
 
58 52 
94 128 
121 102 
94 128 
219 64 
83 135 
62 108 
102 96 
97 137 
93 127 
59 56 
210 72 
118 146 
 
189 131 
131 131 111 128 
106 118 
105 134 
106 134 
63 111 
72 60 
47 50 
55 106 
130 130 162 141 
97 119 
99 94 
68 113 
68 64 
92 65 
114 109 95 104 
78 57 
 
105 134 
86 62 
87 74 
 
109 133 
112 116 
21 164 
72 115 
61 52 
88 116 
90 129 
106 134 
116 141 
67 112 
114 145 
69 113 
 
61 109 
101 92 
98 119 
107 132 
85 135 
99 100 
103 86 
98 118 
91 64 
37 117 
110 132 
64 108 
105 135 
98 95 
143 138 
46 126 
105 117 
60 52 
89 144 
115 109 95 104 
117 145 
135 139 
98 118 
115 141 
194 132 
91 115 
75 113 
101 91 
108 134 
106 133 
89 127 
104 136 
88 61 
103 118 
100 118 
105 117 
98 102 
128 131 135 139 
100 96 
87 61 
86 114 
 
100 136 
74 113 
108 133 
94 115 
107 133 
55 56 
117 146 
105 117 
98 119 
174 134 
 
87 61 
 
99 118 
97 136 
99 118 
92 138 
99 101 
 
99 118 
112 144 
100 140 
93 138 
113 98 
109 118 
89 129 
105 136 
110 134 
100 87 
102 118 
112 100 
219 128 
96 143 
109 131 
202 131 
43 56 
 
67 79 
95 136 
98 94 
101 119 
114 97 
103 118 
119 142 
99 118 
99 101 
109 133 
99 93 
110 122 
117 161 
99 117 
100 99 
101 99 
92 135 
187 46 
93 131 
55 58 
82 83 
 
107 117 
92 126 
87 61 
56 55 
116 145 
80 56 
89 76 
107 116 
94 128 
95 136 
118 140 
115 140 
 
98 118 
66 111 
72 115 
105 117 
65 113 
78 69 
76 58 
93 115 
51 56 
57 58 
240 120 
248 118 
40 58 
108 118 
116 146 
117 162 
171 134 
130 131 147 142 
107 132 
92 126 
78 58 
98 97 
130 130 162 140 
81 57 
 
191 68 
68 75 
130 131 146 142 
52 56 
52 56 
97 94 
126 148 
88 136 
119 142 
95 145 
97 135 
41 115 
86 62 
146 52 
118 143 
95 136 
107 136 
118 141 
112 132 
0 154 
117 142 
66 111 
131 130 168 139 
99 118 
131 130 172 138 
117 140 
98 136 
97 99 
97 136 
100 118 
94 115 
100 118 
187 78 
85 61 
74 61 
92 127 
121 101 
102 119 
94 128 
131 129 182 134 
95 23 
99 118 
113 98 
94 138 
113 132 
109 134 
96 119 
72 57 
51 58 
97 118 
78 72 
53 58 
72 115 
65 109 
99 136 
102 118 
107 117 
114 141 
130 132 125 134 
128 130 109 128 
49 111 
111 99 
100 98 
54 55 
76 115 
74 112 
69 105 
116 112 97 106 
110 148 
56 56 
118 147 
108 116 
101 135 
115 110 95 105 
174 28 
101 90 
108 117 
102 86 
107 130 
90 131 
72 109 
85 114 
96 126 
111 111 91 107 
52 136 
128 132 136 139 
100 118 
41 120 
100 117 
 
101 153 
117 141 
81 114 
106 132 
25 53 
107 130 
100 118 
189 63 
114 146 
100 92 
99 91 
130 130 160 141 
117 140 
128 132 138 140 
130 132 118 131 
117 163 
44 112 
113 142 
85 60 
100 118 
95 116 
100 93 
106 135 
115 146 
 
115 144 
93 137 
97 96 
101 118 
87 61 
57 55 
32 124 
154 48 
99 117 
119 141 
115 149 
 
102 118 
111 131 
105 118 
38 57 
100 93 
92 136 
59 145 
64 112 
67 113 
131 132 126 134 
107 68 
54 56 
76 114 
56 55 
115 148 
97 119 
23 143 
92 124 
68 109 
103 94 
128 130 114 129 
 
87 75 
76 79 
116 146 
37 128 
94 127 
119 102 
99 93 
86 129 
188 148 
107 99 
102 118 
93 131 
113 145 
99 118 
117 140 
99 137 
102 92 
105 117 
105 118 
92 115 
101 96 
104 91 
110 120 
67 106 
104 88 
114 141 
100 118 
71 109 
55 114 
100 95 
203 130 
105 134 
162 134 
85 61 
96 94 
226 62 
60 58 
120 101 
120 141 
109 119 
97 136 
92 124 
97 136 
244 118 
57 56 
247 58 
99 118 
73 113 
107 117 
105 117 
64 111 
57 51 
99 119 
 
108 117 
45 50 
109 133 
90 138 
111 97 
72 111 
196 88 
115 147 
32 133 
99 100 
107 134 
196 96 
148 30 
66 58 
56 58 
77 57 
94 142 
131 132 112 130 
73 81 
101 90 
87 83 
105 117 
101 143 
108 136 
213 129 
109 130 
97 117 
 
97 96 
51 57 
68 112 
97 144 
98 98 
107 117 
65 58 
97 119 
101 116 
113 149 
99 138 
99 100 
42 54 
26 136 
110 120 
90 43 
103 134 
131 130 168 139 
55 58 
82 57 
62 59 
98 118 
108 118 
98 99 
97 119 
99 99 
131 47 
99 96 
102 135 
194 150 
204 130 
91 126 
86 62 
102 115 
201 131 
55 56 
115 108 94 103 
110 148 
117 165 
110 132 
114 150 
86 86 
199 75 
99 102 
202 98 
48 119 
105 118 
104 116 
94 82 
129 132 116 130 
99 100 
120 143 
110 151 
92 126 
83 61 
128 132 136 139 
72 113 
101 136 
108 130 
64 52 
105 134 
115 146 
63 109 
110 143 
92 126 
102 91 
 
78 80 
141 138 
101 116 
32 53 
48 57 
108 134 
54 56 
130 132 124 134 
92 125 
87 81 
103 134 
91 127 
49 109 
188 64 
98 145 
107 130 
19 145 
101 94 
51 56 
108 132 
104 134 
58 59 
96 136 
69 109 
106 134 
116 141 
106 134 
93 128 
103 135 
93 136 
107 133 
90 114 
99 93 
103 116 
91 127 
42 128 
117 141 
118 147 
131 131 114 128 
98 100 
79 84 
69 112 
101 91 
101 92 
118 147 
104 88 
101 118 
67 113 
74 114 
144 46 
174 32 
102 97 
46 56 
128 132 138 140 
97 123 
92 115 
98 100 
118 142 
100 118 
113 147 
89 73 
96 127 
111 131 
68 113 
89 130 
112 147 
99 99 
74 112 
104 132 
91 127 
52 117 
58 56 
56 59 
96 119 
66 105 
121 141 
109 133 
109 141 
 
109 119 
98 99 
47 111 
 
51 56 
58 59 
101 118 
65 111 
99 117 
108 154 
218 67 
114 145 
101 95 
103 135 
63 111 
68 113 
67 60 
112 111 90 107 
103 143 
234 119 
95 143 
189 61 
112 98 
98 118 
98 101 
109 42 
79 58 
112 146 
92 127 
108 117 
109 120 
 
107 130 
113 94 
70 109 
 
52 109 
102 135 
93 131 
129 131 126 134 
50 56 
155 51 
103 39 
116 141 
106 116 
94 42 
102 90 
102 88 
116 146 
70 111 
98 98 
109 133 
44 54 
131 133 110 130 
115 110 95 104 
129 132 109 129 
51 56 
138 142 
108 118 
67 70 
130 132 127 135 
47 126 
92 86 
102 87 
39 58 
110 118 
104 136 
117 142 
100 91 
149 155 
127 131 112 129 
106 136 
102 143 
75 114 
116 147 
101 136 
88 114 
99 92 
98 136 
115 150 
102 117 
46 115 
103 144 
86 133 
102 96 
 
85 59 
98 136 
55 56 
129 142 
102 52 
130 131 152 142 
98 118 
79 57 
67 113 
92 87 
117 146 
108 130 
100 92 
95 135 
99 93 
107 137 
113 110 94 104 
218 113 
138 138 
78 114 
 
98 125 
98 97 
117 165 
94 128 
 
67 113 
97 136 
117 148 
62 59 
117 140 
102 134 
105 134 
107 117 
111 132 
111 144 
147 137 
105 116 
101 116 
120 102 
55 105 
91 127 
95 136 
96 123 
212 128 
80 80 
96 136 
104 118 
108 117 
 
185 80 
99 100 
129 131 128 135 
48 110 
235 120 
117 147 
106 132 
107 117 
66 58 
192 150 
115 146 
101 93 
62 51 
117 147 
55 55 
100 136 
85 60 
62 59 
105 117 
120 142 
90 128 
107 132 
97 120 
111 146 
105 118 
72 109 
108 131 
57 56 
82 60 
252 117 
90 128 
130 132 124 133 
120 107 99 103 
97 136 
105 117 
188 45 
165 133 
69 110 
113 147 
103 53 
99 94 
97 136 
101 117 
86 131 
119 98 
 
133 131 116 129 
99 137 
74 78 
98 136 
 
113 147 
95 135 
97 136 
104 118 
29 129 
96 136 
96 145 
 
97 118 
 
94 127 
116 143 
190 132 
55 56 
113 142 
96 118 
76 109 
102 135 
130 130 157 141 
130 140 
90 128 
114 97 
55 57 
120 143 
128 131 109 128 
106 117 
72 113 
89 137 
103 135 
106 136 
63 59 
75 113 
110 120 
93 128 
103 136 
105 117 
217 127 
57 133 
112 111 90 107 
178 47 
99 118 
118 147 
49 56 
164 134 
107 136 
109 133 
97 136 
105 117 
100 99 
100 93 
113 147 
98 123 
83 130 
92 128 
88 137 
133 140 
95 137 
108 134 
116 142 
100 116 
50 56 
 
36 118 
74 77 
76 57 
99 136 
 
55 58 
100 96 
99 95 
98 100 
129 132 135 139 
107 134 
113 100 
104 134 
104 116 
 
93 129 
92 125 
69 109 
109 119 
108 151 
131 129 167 139 
78 114 
99 118 
108 134 
61 106 
95 136 
95 116 
130 131 110 128 
109 134 
101 119 
65 60 
92 129 
99 119 
104 134 
92 127 
104 118 
106 134 
95 127 
93 128 
105 117 
110 133 
 
105 134 
47 56 
117 141 
108 130 
108 117 
105 135 
100 143 
118 146 
77 83 
106 134 
103 134 
195 70 
73 110 
105 117 
112 139 
51 138 
102 137 
106 134 
101 118 
112 147 
77 115 
98 98 
157 134 
 
101 88 
93 129 
47 58 
129 132 132 137 
100 98 
242 61 
103 134 
 
103 136 
59 116 
160 133 
93 131 
68 113 
102 94 
88 128 
99 94 
111 111 90 107 
90 128 
97 126 
105 116 
94 127 
110 133 
79 137 
 
109 140 
129 132 109 130 
107 117 
101 89 
245 59 
54 58 
104 134 
39 132 
110 96 
141 146 
107 134 
88 61 
111 118 
83 60 
92 127 
97 120 
105 89 
56 56 
104 136 
127 131 112 129 
99 117 
105 118 
90 80 
104 118 
101 119 
97 119 
73 113 
41 116 
78 113 
90 128 
118 141 
97 100 
61 110 
95 135 
50 123 
102 118 
55 59 
117 148 
99 92 
87 61 
107 117 
116 147 
90 129 
100 117 
90 46 
100 136 
170 134 
116 140 
109 150 
112 138 
95 116 
239 124 
82 57 
110 133 
107 132 
112 109 90 106 
114 141 
109 133 
131 130 170 139 
110 133 
115 148 
56 56 
99 99 
108 141 
116 142 
95 135 
88 61 
93 127 
110 142 
 
85 60 
92 129 
113 99 
92 87 
116 160 
224 120 
203 130 
132 132 122 132 
99 100 
88 116 
84 86 
98 97 
134 132 116 129 
53 58 
193 133 
109 134 
99 117 
106 134 
96 137 
50 117 
92 127 
109 145 
100 95 
101 143 
90 115 
82 135 
101 84 
68 80 
108 39 
116 146 
101 119 
51 56 
102 152 
110 131 
98 95 
104 134 
105 57 
108 120 
93 125 
97 117 
103 90 
130 130 161 141 
55 113 
99 119 
114 145 
105 117 
92 65 
133 131 116 128 
98 92 
116 146 
115 109 94 103 
112 94 
94 135 
108 130 
109 132 
121 119 103 113 
116 99 
92 143 
 
11 134 
104 118 
89 127 
94 125 
144 48 
116 142 
117 142 
89 128 
117 141 
116 148 
243 121 
110 119 
98 122 
69 111 
46 125 
120 101 
105 132 
103 118 
53 110 
100 136 
113 93 
131 132 124 133 
171 134 
85 59 
92 115 
100 97 
71 112 
84 115 
102 93 
132 132 123 133 
81 114 
 
115 145 
100 52 
103 135 
67 60 
87 61 
76 57 
98 145 
100 99 
93 125 
99 92 
94 58 
214 68 
115 144 
118 141 
116 101 
80 78 
64 108 
108 135 
91 144 
87 114 
88 82 
57 51 
119 101 
109 132 
108 136 
108 121 
99 118 
86 140 
97 118 
108 133 
101 134 
98 98 
102 92 
134 50 
245 124 
77 80 
40 58 
107 133 
98 98 
115 150 
108 120 
117 148 
82 69 
81 86 
66 119 
134 132 115 129 
99 94 
99 117 
110 132 
130 131 152 142 
41 138 
116 99 
109 118 
48 56 
73 114 
94 128 
129 131 128 135 
89 54 
129 132 134 138 
37 54 
53 56 
108 133 
33 122 
99 102 
48 57 
94 129 
103 134 
109 133 
76 113 
86 86 
110 134 
104 116 
98 136 
75 115 
105 117 
95 136 
115 148 
98 136 
78 57 
168 147 
102 134 
108 117 
100 95 
109 119 
111 141 
117 142 
51 56 
99 118 
212 127 
98 94 
65 58 
74 111 
55 56 
65 107 
171 134 
68 113 
97 118 
105 117 
99 101 
44 56 
107 134 
108 133 
90 129 
100 119 
141 40 
77 114 
64 106 
105 118 
98 100 
113 148 
51 51 
117 101 
106 134 
 
171 134 
84 115 
196 87 
30 126 
66 112 
100 99 
112 142 
99 100 
114 148 
130 131 152 142 
102 115 
72 114 
98 118 
105 136 
98 97 
130 131 156 142 
68 80 
241 124 
101 92 
132 128 183 133 
65 58 
78 54 
118 101 
176 133 
109 131 
116 144 
129 132 108 129 
68 57 
129 131 131 137 
214 121 
202 130 
69 57 
53 55 
109 133 
109 149 
55 110 
102 119 
102 152 
100 97 
112 96 
78 114 
76 113 
 
97 95 
131 130 170 138 
131 132 110 129 
110 133 
102 144 
95 124 
100 92 
107 134 
90 115 
108 135 
56 59 
101 93 
75 58 
107 134 
97 145 
102 118 
108 132 
64 57 
110 96 
118 102 
62 57 
37 121 
 
99 118 
96 129 
101 94 
102 118 
73 114 
87 62 
91 137 
119 155 
109 131 
97 88 
97 93 
64 109 
98 118 
52 56 
34 136 
101 134 
111 149 
96 145 
106 117 
79 113 
117 145 
54 56 
96 136 
96 136 
49 57 
94 131 
60 55 
103 134 
91 144 
115 145 
58 59 
92 136 
109 120 
97 60 
253 120 
100 118 
117 143 
155 134 
128 132 141 141 
105 136 
104 118 
50 124 
125 147 
66 112 
117 142 
44 107 
111 121 
94 115 
109 121 
74 57 
87 61 
105 131 
102 118 
105 55 
59 59 
103 96 
47 51 
112 142 
57 107 
67 60 
97 101 
111 131 
27 134 
97 100 
106 134 
90 129 
117 140 
71 113 
 
97 143 
244 120 
109 133 
112 147 
47 111 
 
 
99 93 
62 109 
56 59 
87 61 
121 102 
67 104 
84 57 
54 56 
112 146 
117 102 
78 113 
96 136 
43 56 
90 129 
104 134 
176 36 
104 118 
253 119 
107 116 
99 100 
97 118 
101 137 
66 112 
107 117 
98 135 
210 127 
 
67 111 
115 95 
109 133 
81 75 
92 126 
72 113 
85 59 
118 147 
101 94 
152 159 
101 135 
116 100 
56 106 
106 116 
46 50 
101 95 
60 59 
111 121 
114 41 
131 132 111 129 
106 134 
 
81 60 
105 119 
75 61 
98 95 
105 136 
97 118 
105 118 
98 137 
93 125 
100 96 
107 116 
90 127 
108 131 
115 142 
 
69 113 
98 94 
99 99 
198 129 
81 57 
94 127 
222 65 
85 60 
96 136 
116 142 
110 133 
73 112 
99 117 
67 109 
107 133 
95 137 
118 97 
105 118 
75 114 
100 143 
72 114 
111 97 
95 136 
102 118 
97 136 
68 60 
121 100 
75 83 
116 141 
86 114 
113 148 
135 140 
114 95 
53 56 
88 135 
107 137 
72 110 
56 59 
100 92 
117 143 
107 117 
140 36 
105 135 
130 132 120 132 
113 146 
55 56 
 
73 67 
132 128 181 134 
114 141 
91 128 
104 134 
65 110 
101 116 
106 116 
98 94 
71 109 
51 58 
117 140 
47 56 
97 119 
58 59 
127 131 112 129 
100 97 
 
103 135 
85 59 
82 83 
100 91 
113 149 
161 148 
98 76 
100 95 
97 119 
113 147 
106 135 
81 57 
130 130 161 141 
130 130 161 141 
90 137 
75 114 
98 144 
111 148 
85 60 
229 68 
108 150 
130 132 118 131 
100 98 
187 48 
92 127 
43 120 
14 121 
110 121 
49 139 
46 56 
102 95 
106 135 
95 137 
 
104 134 
101 91 
119 146 
69 57 
108 118 
129 132 134 138 
113 147 
102 118 
100 91 
209 71 
72 113 
100 93 
118 141 
90 127 
118 156 
99 101 
231 119 
100 90 
77 57 
128 131 113 129 
101 94 
80 79 
117 142 
109 133 
106 134 
115 110 95 105 
67 111 
51 59 
100 97 
105 131 
114 142 
97 89 
60 107 
43 56 
118 146 
93 75 
 
36 134 
107 99 
71 60 
65 136 
52 58 
135 139 
75 115 
98 98 
115 100 
119 141 
100 116 
212 129 
130 130 160 141 
106 134 
85 139 
 
99 118 
61 129 
115 146 
88 136 
90 140 
92 126 
120 148 
101 118 
95 135 
97 93 
44 114 
117 142 
102 118 
63 110 
105 151 
40 119 
100 118 
103 136 
65 138 
102 119 
 
109 118 
130 130 156 141 
37 122 
98 117 
36 114 
129 131 131 137 
86 136 
52 57 
129 131 132 137 
113 94 
8 149 
69 113 
59 52 
115 144 
90 136 
108 133 
73 115 
110 132 
101 119 
97 124 
93 128 
88 114 
116 145 
109 118 
118 32 
118 146 
77 73 
108 117 
101 144 
107 117 
117 146 
113 93 
115 110 95 105 
98 98 
 
105 118 
99 117 
65 58 
58 56 
84 57 
95 126 
95 116 
161 134 
96 123 
101 94 
105 116 
112 147 
105 117 
108 116 
102 93 
85 59 
113 94 
74 57 
99 96 
107 98 
32 124 
120 102 
102 95 
115 145 
48 56 
71 72 
99 92 
102 136 
105 117 
100 118 
44 118 
92 136 
178 45 
97 136 
100 119 
116 144 
81 59 
111 120 
130 130 163 140 
88 114 
99 101 
105 117 
108 117 
50 59 
69 57 
90 115 
60 59 
56 108 
109 120 
153 46 
100 100 
77 114 
 
98 117 
91 115 
99 118 
108 133 
198 69 
38 114 
99 118 
 
92 129 
59 58 
121 102 
68 103 
105 116 
130 130 159 141 
108 131 
67 111 
97 119 
99 97 
90 128 
91 115 
84 60 
92 126 
108 132 
106 117 
98 90 
92 115 
114 146 
109 118 
46 56 
107 116 
101 135 
92 86 
101 116 
92 115 
92 127 
99 117 
196 92 
116 140 
108 133 
166 44 
86 129 
233 60 
115 147 
121 101 
107 117 
100 135 
131 130 170 138 
86 87 
101 94 
250 124 
111 112 91 107 
92 126 
79 114 
39 58 
55 56 
85 62 
106 135 
94 128 
149 136 
56 54 
49 112 
106 134 
89 114 
87 61 
108 133 
195 132 
81 139 
96 118 
196 130 
111 120 
229 58 
93 129 
25 141 
105 132 
102 135 
95 120 
102 135 
65 113 
103 152 
59 56 
101 117 
100 118 
100 118 
57 59 
66 106 
90 137 
40 113 
76 114 
28 135 
110 149 
92 129 
96 136 
128 125 110 119 
110 135 
71 113 
98 136 
99 92 
98 90 
59 55 
111 95 
102 134 
109 119 
98 99 
90 127 
105 132 
113 94 
114 147 
56 56 
106 117 
74 115 
86 62 
92 86 
97 118 
97 123 
112 146 
105 90 
102 135 
105 136 
98 77 
94 126 
131 130 176 136 
104 116 
101 50 
90 135 
98 137 
233 123 
100 95 
108 117 
109 141 
85 77 
117 141 
107 132 
102 134 
107 132 
53 57 
131 128 183 132 
90 127 
224 128 
99 91 
75 114 
111 110 91 106 
106 116 
99 46 
94 138 
93 126 
61 52 
101 119 
77 80 
130 131 147 142 
 
99 92 
103 135 
99 99 
197 132 
33 120 
117 145 
110 138 
114 146 
97 100 
70 72 
109 121 
67 105 
88 114 
96 135 
100 48 
99 117 
59 58 
108 118 
113 95 
84 130 
68 137 
86 61 
84 115 
236 123 
86 136 
86 62 
111 131 
101 92 
100 99 
46 58 
89 129 
108 70 
94 115 
88 135 
98 117 
114 145 
 
95 137 
100 100 
55 56 
70 109 
100 143 
130 132 110 129 
109 121 
87 127 
105 116 
116 140 
107 134 
100 91 
103 136 
177 41 
101 93 
91 127 
109 136 
61 51 
103 136 
96 136 
215 128 
86 114 
118 140 
96 98 
110 134 
108 118 
224 63 
68 109 
98 119 
91 129 
105 151 
89 127 
49 58 
102 135 
234 58 
106 141 
100 95 
108 117 
131 130 172 138 
129 132 144 141 
112 48 
117 141 
134 131 116 128 
253 119 
60 108 
108 134 
112 115 
87 115 
110 119 
110 122 
112 145 
98 117 
118 148 
 
101 118 
99 118 
108 154 
94 144 
105 118 
171 150 
106 133 
110 132 
55 57 
84 142 
103 90 
118 141 
196 85 
24 142 
109 133 
101 93 
117 99 
93 127 
119 143 
65 111 
109 146 
96 116 
230 124 
92 129 
104 91 
175 133 
117 164 
47 114 
58 59 
 
131 131 149 142 
51 56 
107 136 
94 130 
 
102 119 
119 99 
102 117 
112 95 
110 98 
68 74 
112 142 
117 143 
91 137 
114 96 
76 57 
89 138 
118 142 
99 97 
106 133 
62 55 
131 130 168 139 
98 140 
114 148 
127 131 111 128 
102 91 
96 119 
108 149 
49 56 
100 118 
116 145 
100 119 
102 94 
97 97 
100 137 
132 132 123 132 
94 128 
94 136 
105 117 
25 134 
229 72 
83 59 
69 112 
80 60 
99 117 
99 97 
101 135 
112 146 
101 90 
46 141 
113 146 
98 91 
232 124 
53 58 
99 94 
116 141 
103 137 
105 118 
68 111 
109 118 
108 132 
106 117 
107 130 
57 52 
87 61 
112 93 
103 136 
117 146 
91 125 
96 136 
94 115 
104 134 
208 74 
108 132 
112 142 
98 136 
199 130 
131 130 173 138 
114 94 
74 113 
103 96 
37 133 
89 114 
108 133 
115 144 
108 117 
90 61 
64 52 
120 101 
103 134 
102 117 
87 114 
103 135 
83 60 
56 58 
99 92 
24 142 
107 131 
92 78 
101 136 
93 128 
 
78 79 
117 163 
98 98 
82 83 
131 130 166 139 
93 130 
98 136 
98 98 
115 98 
245 47 
131 132 124 133 
114 96 
131 130 171 138 
67 60 
107 117 
103 87 
73 113 
117 102 
109 121 
107 135 
114 142 
93 115 
117 141 
112 148 
102 136 
114 109 95 103 
 
50 59 
115 146 
88 127 
48 57 
52 56 
103 134 
 
 
51 57 
102 93 
102 135 
95 24 
99 118 
99 118 
102 134 
 
114 144 
117 140 
109 133 
117 142 
129 131 137 139 
44 56 
131 132 121 132 
104 116 
108 132 
98 121 
69 118 
115 100 
99 117 
116 141 
46 56 
93 129 
100 91 
98 118 
115 150 
103 136 
63 111 
198 76 
112 132 
104 91 
100 143 
108 94 
98 117 
91 130 
96 88 
103 132 
91 136 
99 98 
105 118 
96 136 
92 129 
65 62 
98 92 
107 136 
105 135 
199 82 
117 141 
40 58 
54 105 
106 134 
114 141 
112 131 
77 53 
116 149 
76 114 
77 57 
93 130 
110 121 
92 130 
113 108 93 103 
101 90 
131 131 153 142 
113 99 
 
100 96 
93 138 
56 109 
92 127 
85 61 
110 133 
109 100 
115 148 
70 117 
37 129 
109 98 
108 101 
137 139 
54 58 
112 99 
118 96 
100 118 
114 146 
107 138 
134 131 116 128 
110 122 
99 100 
113 111 94 105 
95 143 
107 132 
101 117 
54 57 
66 102 
98 118 
131 130 165 140 
109 136 
109 121 
55 57 
84 130 
111 120 
54 55 
113 147 
98 119 
110 100 
101 91 
109 121 
128 131 112 129 
96 122 
92 125 
107 134 
131 132 120 132 
97 75 
110 132 
108 117 
99 136 
36 122 
103 91 
66 108 
65 61 
89 114 
110 135 
101 116 
84 81 
101 93 
100 117 
102 115 
96 119 
106 135 
86 114 
98 98 
114 146 
105 117 
108 117 
99 118 
111 132 
87 61 
79 137 
54 56 
100 92 
130 131 151 142 
130 132 127 135 
100 117 
105 117 
99 91 
112 148 
52 58 
110 141 
16 147 
105 116 
97 136 
87 61 
61 59 
112 149 
111 147 
107 133 
117 142 
83 137 
96 137 
131 132 124 133 
36 123 
81 60 
92 137 
101 100 
79 108 
120 100 
80 82 
92 125 
49 58 
111 111 90 107 
106 134 
109 41 
91 82 
103 135 
115 148 
 
92 136 
104 118 
 
100 77 
131 130 176 137 
84 130 
92 115 
183 47 
120 141 
98 117 
108 155 
92 115 
90 127 
50 108 
45 56 
84 60 
98 145 
91 140 
114 145 
99 91 
70 112 
92 138 
151 157 
102 93 
83 57 
63 52 
92 115 
114 145 
113 100 
109 131 
82 57 
152 43 
74 115 
128 130 114 129 
76 114 
103 135 
106 117 
242 123 
118 147 
102 118 
99 140 
111 111 90 107 
90 127 
103 135 
70 114 
94 128 
44 57 
107 99 
110 131 
212 129 
101 118 
81 135 
130 131 154 142 
63 107 
57 56 
100 92 
165 134 
69 109 
98 100 
98 101 
85 60 
115 142 
53 107 
113 110 93 104 
100 118 
199 131 
99 118 
91 138 
84 71 
105 135 
99 93 
102 96 
109 120 
54 57 
107 121 
102 118 
85 62 
111 144 
106 132 
69 57 
42 130 
99 91 
72 114 
94 129 
95 127 
84 79 
94 143 
 
79 57 
110 122 
109 140 
114 109 94 104 
108 99 
81 83 
110 123 
102 120 
76 57 
116 140 
214 72 
109 100 
91 130 
97 119 
87 114 
71 114 
81 139 
116 147 
86 135 
99 118 
98 94 
100 99 
82 57 
99 118 
130 130 157 141 
67 112 
102 93 
51 56 
109 118 
109 117 
98 118 
96 120 
46 122 
78 57 
111 97 
100 118 
98 136 
103 65 
131 129 174 136 
116 98 
103 134 
22 133 
68 112 
109 152 
99 117 
99 100 
105 134 
102 134 
115 146 
131 132 126 134 
73 113 
102 92 
91 128 
107 120 
85 129 
115 99 
109 118 
115 148 
92 125 
120 99 
220 102 
71 114 
97 137 
118 146 
83 84 
101 79 
81 85 
65 112 
92 127 
106 117 
62 109 
107 117 
59 55 
101 115 
114 144 
59 58 
118 142 
108 117 
34 131 
85 139 
95 122 
101 92 
101 118 
99 118 
104 134 
93 88 
105 131 
99 99 
115 148 
62 58 
 
96 95 
117 141 
97 118 
83 79 
131 128 183 133 
116 144 
100 96 
195 94 
113 146 
101 96 
99 119 
98 118 
58 58 
85 116 
92 132 
67 112 
181 132 
50 58 
60 51 
220 64 
110 133 
110 141 
113 107 92 104 
98 99 
118 144 
73 58 
110 121 
83 71 
111 132 
109 141 
59 55 
92 126 
104 134 
105 134 
130 131 151 142 
98 91 
114 147 
113 94 
102 93 
121 100 
96 94 
214 123 
101 90 
116 96 
63 108 
73 113 
107 131 
105 131 
93 128 
98 118 
45 128 
102 134 
81 59 
132 132 122 132 
95 136 
90 127 
97 94 
 
52 59 
106 133 
73 74 
128 131 112 129 
105 134 
108 136 
109 120 
99 139 
102 119 
109 122 
118 142 
104 116 
98 97 
 
110 133 
101 92 
67 111 
131 132 124 133 
98 119 
111 122 
98 118 
111 122 
118 96 
101 94 
96 136 
41 129 
77 114 
88 83 
111 96 
105 135 
110 132 
 
58 58 
77 61 
64 51 
104 135 
 
90 78 
120 102 
116 146 
99 144 
197 83 
117 147 
78 115 
106 133 
14 123 
106 136 
149 32 
173 152 
64 111 
98 136 
52 107 
90 128 
85 135 
187 148 
100 97 
108 152 
99 101 
101 118 
139 139 
 
 
100 144 
105 118 
100 99 
109 122 
116 139 
109 121 
103 134 
189 143 
114 109 94 104 
63 59 
138 32 
59 109 
110 121 
105 134 
98 122 
99 117 
52 116 
99 118 
108 133 
109 133 
100 118 
56 56 
102 118 
83 61 
161 139 
72 109 
131 130 165 140 
103 135 
81 139 
102 96 
96 124 
100 99 
106 134 
103 86 
110 151 
109 132 
62 143 
105 42 
99 97 
109 132 
92 127 
74 113 
101 119 
111 120 
 
72 112 
107 117 
69 109 
70 112 
118 142 
62 52 
102 134 
116 96 
101 118 
 
86 116 
75 57 
198 78 
91 131 
103 135 
88 55 
144 137 
85 116 
102 91 
82 134 
68 112 
57 109 
45 109 
92 86 
100 93 
54 57 
60 51 
108 134 
54 56 
 
 
92 127 
100 99 
74 115 
48 125 
115 145 
107 134 
99 100 
71 113 
74 114 
109 100 
112 94 
105 54 
93 127 
150 36 
115 98 
194 130 
91 128 
98 101 
99 118 
89 83 
103 137 
111 143 
99 92 
101 119 
95 44 
109 120 
154 161 
110 145 
88 61 
54 58 
50 57 
59 59 
99 118 
97 118 
98 87 
158 134 
102 118 
102 118 
114 110 94 105 
56 59 
50 108 
97 124 
104 116 
102 117 
66 103 
117 145 
98 91 
98 91 
104 132 
103 134 
188 54 
97 135 
76 57 
98 91 
56 55 
131 130 170 139 
88 114 
110 148 
78 108 
109 119 
107 117 
224 128 
107 117 
109 120 
102 135 
97 136 
101 91 
115 100 
104 134 
111 133 
103 134 
93 129 
93 115 
99 117 
92 87 
116 100 
92 137 
129 131 144 141 
65 112 
88 115 
99 91 
98 98 
100 95 
93 77 
109 101 
103 134 
98 118 
107 131 
68 111 
103 134 
107 117 
95 137 
114 148 
82 81 
76 114 
94 125 
107 117 
114 141 
97 136 
90 128 
89 63 
104 118 
210 130 
28 129 
109 119 
85 85 
101 118 
109 121 
82 135 
103 136 
91 74 
72 72 
57 56 
58 108 
66 60 
100 99 
46 56 
131 132 114 129 
101 85 
89 128 
 
100 116 
102 136 
214 73 
92 129 
96 119 
109 121 
50 56 
74 114 
 
88 114 
93 126 
97 119 
107 121 
222 63 
98 92 
107 131 
206 130 
189 75 
 
97 136 
59 59 
41 51 
83 119 
106 150 
66 113 
51 57 
117 147 
114 108 93 103 
105 117 
117 100 
51 56 
101 93 
65 52 
112 142 
114 109 95 104 
67 113 
105 117 
39 129 
102 118 
75 57 
107 133 
102 95 
70 111 
147 152 
90 83 
105 132 
63 114 
110 100 
98 119 
77 114 
105 118 
116 147 
120 149 
104 119 
61 104 
109 141 
129 132 117 131 
53 107 
98 119 
189 66 
96 136 
 
93 124 
112 109 90 105 
61 120 
 
70 110 
97 117 
97 137 
89 136 
 
99 102 
221 103 
104 134 
52 59 
74 114 
93 136 
99 118 
111 120 
104 119 
94 127 
115 29 
91 127 
99 98 
66 63 
99 116 
107 130 
110 133 
49 110 
120 101 
131 130 166 139 
98 119 
93 131 
118 157 
95 138 
93 125 
100 93 
72 112 
 
129 131 112 129 
118 142 
70 80 
98 119 
99 118 
104 116 
102 92 
99 118 
113 142 
105 117 
62 59 
104 134 
98 100 
129 131 127 134 
192 132 
80 58 
94 129 
51 54 
65 106 
56 56 
108 119 
76 57 
152 158 
53 58 
93 126 
 
116 147 
84 59 
71 113 
110 96 
95 122 
107 117 
130 45 
68 113 
110 131 
42 58 
97 100 
210 74 
92 136 
114 142 
110 132 
101 118 
195 132 
88 138 
131 138 
109 133 
104 118 
221 70 
77 82 
101 91 
144 149 
83 60 
118 147 
 
93 128 
91 136 
95 116 
90 77 
76 57 
98 94 
231 57 
96 119 
113 111 93 105 
82 75 
98 98 
94 115 
112 145 
101 95 
56 56 
99 136 
107 136 
98 98 
219 71 
94 130 
103 136 
100 88 
104 40 
109 133 
73 78 
111 99 
66 70 
101 93 
130 132 118 131 
84 72 
116 147 
114 142 
98 126 
70 105 
105 117 
90 131 
106 117 
126 149 
130 132 118 131 
39 121 
34 116 
98 92 
118 145 
56 55 
101 95 
108 131 
36 57 
99 97 
97 99 
89 136 
43 51 
103 134 
89 136 
105 116 
142 138 
40 138 
100 119 
83 57 
108 117 
118 146 
98 98 
107 57 
99 91 
92 132 
 
100 97 
92 124 
85 72 
9 152 
100 117 
105 118 
114 147 
19 144 
53 56 
58 109 
118 145 
107 97 
112 97 
108 116 
101 96 
62 57 
92 137 
109 122 
123 38 
110 121 
90 115 
70 113 
109 120 
99 118 
96 136 
118 94 
102 94 
75 79 
83 57 
61 51 
63 59 
54 54 
91 128 
73 115 
96 98 
98 91 
 
60 67 
84 135 
64 109 
118 146 
107 116 
110 150 
116 98 
101 95 
108 133 
97 94 
108 136 
104 135 
102 135 
72 113 
76 115 
 
222 127 
117 141 
96 145 
87 61 
98 117 
117 96 
36 115 
70 109 
102 115 
106 116 
71 109 
89 42 
54 54 
58 57 
48 58 
84 60 
76 114 
99 96 
114 150 
115 147 
69 111 
61 58 
58 55 
100 118 
40 131 
 
99 100 
96 119 
104 134 
104 134 
195 131 
 
90 84 
108 121 
118 148 
98 136 
100 91 
108 131 
116 142 
82 83 
102 135 
87 61 
138 33 
99 92 
89 135 
48 57 
150 136 
 
118 100 
96 144 
58 56 
110 151 
39 130 
69 58 
 
102 93 
105 118 
30 138 
97 119 
102 134 
91 137 
108 118 
177 39 
114 141 
110 133 
106 136 
103 136 
100 88 
105 136 
111 111 90 107 
102 118 
130 127 111 121 
97 100 
172 134 
116 30 
104 136 
70 109 
92 126 
91 127 
117 141 
57 56 
101 90 
99 118 
99 91 
87 61 
107 135 
43 124 
70 109 
78 61 
101 93 
67 109 
90 136 
129 132 140 140 
 
89 128 
55 56 
99 101 
109 133 
96 137 
113 130 
91 136 
112 143 
102 118 
105 132 
201 129 
70 57 
102 97 
116 147 
105 133 
54 58 
151 135 
110 131 
97 142 
49 110 
93 131 
99 100 
110 131 
63 113 
57 109 
118 154 
73 112 
49 56 
108 133 
77 69 
107 117 
110 148 
110 146 
128 140 
103 136 
56 58 
 
109 122 
93 126 
97 91 
130 132 119 131 
182 138 
80 137 
102 134 
104 116 
24 131 
111 118 
96 98 
 
100 143 
105 118 
 
144 148 
100 100 
235 124 
77 58 
68 57 
106 133 
64 111 
50 117 
119 152 
99 118 
85 60 
86 62 
88 136 
90 136 
115 147 
161 139 
92 142 
55 58 
107 116 
70 57 
118 142 
100 100 
98 94 
98 99 
117 140 
109 131 
99 136 
59 51 
114 146 
100 118 
99 93 
97 99 
114 146 
104 136 
 
102 135 
98 144 
110 133 
101 119 
114 97 
174 142 
98 90 
97 119 
112 132 
92 85 
 
117 146 
108 132 
52 56 
71 112 
119 102 
66 109 
99 96 
98 119 
143 148 
97 118 
41 119 
 
57 57 
77 114 
129 129 111 122 
50 110 
110 134 
87 130 
103 87 
114 145 
66 110 
108 133 
102 134 
106 134 
140 138 
98 100 
86 114 
110 131 
99 137 
98 102 
102 118 
91 131 
110 121 
125 140 
95 124 
99 118 
71 114 
99 101 
60 55 
98 91 
92 115 
117 145 
93 44 
111 141 
112 144 
91 127 
176 85 
79 57 
106 99 
