Frame 7291
130 132 123 133 
90 85 
90 128 
130 132 126 134 
101 110 
60 59 
97 136 
105 134 
94 135 
102 143 
109 130 130 132 
159 134 
104 117 
116 99 
105 116 
77 114 
73 113 

112 147 
78 60 
43 127 
117 140 
97 86 
92 124 
40 138 
107 141 
98 136 
106 120 
85 62 
105 132 
115 140 
75 57 
94 135 
156 134 
6 153 
34 115 
56 56 
115 142 
139 143 
115 165 
114 98 
55 54 
96 118 
142 147 
91 126 
103 118 
110 146 
92 88 
109 101 
100 118 
113 145 
104 118 
116 140 
93 129 
108 141 
98 96 
87 78 
97 119 
93 104 113 110 
101 143 
129 131 127 136 
92 129 

97 117 
97 98 

101 118 
96 128 
199 71 
106 116 
50 57 
93 115 
104 117 
91 129 
85 62 
151 38 
108 118 
100 119 

76 115 
57 108 
110 132 
91 86 
110 132 
113 145 
96 119 
52 56 
101 90 
103 136 
80 80 
80 135 
82 76 
73 115 
111 144 
199 129 
97 98 
96 100 
108 133 
122 141 
110 131 
93 128 
104 117 
95 123 

25 53 
55 56 
143 137 
108 142 
69 112 
102 135 
189 57 
47 56 
61 59 
110 132 
100 143 
106 117 
66 58 
95 118 
109 154 
199 131 
85 62 
108 120 
101 119 
56 59 
108 44 
129 131 115 130 
55 50 
72 114 
97 93 
95 136 
90 105 111 109 
77 114 
81 135 
100 93 
93 104 113 109 
107 134 
110 128 127 131 
52 54 
105 132 
95 127 
108 131 
78 146 
129 131 109 129 
73 57 
65 61 
129 131 127 135 
49 56 

54 58 
108 133 
106 43 
97 92 
56 147 
100 93 
96 89 
59 145 
107 114 
91 128 
96 100 
102 135 
46 125 
210 129 
109 121 
94 116 
116 141 
96 101 
99 118 
130 130 158 141 
93 105 113 111 
69 75 
101 136 
102 132 
97 116 
99 135 
131 140 
103 136 
95 137 
132 49 
114 146 
113 148 
83 116 
75 57 
105 117 
55 57 
55 56 
92 137 
85 62 
77 61 
72 114 
237 119 
92 126 
54 107 

36 131 
98 118 
216 121 
65 58 
98 96 
54 57 
113 96 
110 120 
49 59 
116 140 
91 126 
29 125 
90 138 
106 116 
215 117 
81 61 
98 117 
98 118 
115 147 
96 99 

109 133 
109 120 
91 137 
98 118 
100 135 
43 142 
131 132 125 134 
108 132 
131 132 120 132 
201 131 
93 104 113 110 
104 151 
90 126 
44 54 
114 141 
56 51 
59 115 
86 61 

100 119 
98 77 
86 61 
127 132 129 137 
82 57 
244 123 
116 147 
228 61 
105 118 
130 131 153 142 
115 143 
91 128 
186 141 
107 133 
90 128 

105 136 
97 118 
180 145 
53 55 
99 95 

110 121 
129 131 129 136 
113 145 
103 134 
99 92 
101 118 

111 130 
65 111 
97 98 
98 118 
83 115 
117 141 
45 58 
68 60 
98 118 
80 60 
109 121 
104 100 

56 51 
198 131 
96 136 
248 119 
110 120 

56 109 
105 133 
109 122 
97 100 
112 100 
93 137 
61 106 
47 56 
67 111 
65 109 
55 106 
108 120 
130 130 156 142 
83 60 
112 95 
96 141 
69 58 
24 135 

153 135 
100 94 
98 125 
60 59 
104 118 
101 118 
116 164 
86 115 
108 132 
110 95 
58 58 
93 136 

62 109 
109 120 

63 51 

98 100 

104 117 
93 134 
108 130 129 132 
96 101 
104 117 
106 117 
87 145 
90 127 
98 101 
100 96 
101 109 
89 106 111 110 
41 54 
71 112 
0 155 
87 114 
204 130 
86 137 
113 148 
105 134 
104 117 
111 132 
90 79 
96 116 
101 115 
49 57 
54 56 
105 116 123 122 
47 109 
100 119 
112 140 
131 130 169 139 
92 83 
99 98 
87 114 
110 148 
100 118 
59 58 
109 98 
96 123 
108 133 
91 135 
100 92 
99 100 
96 100 
112 129 127 131 
236 124 
83 131 

130 131 154 142 

98 125 
116 162 
104 134 
108 120 

97 117 
92 137 
97 102 
96 119 
103 134 
82 116 
103 134 
103 136 

104 117 
98 118 
105 131 
102 135 
116 146 
107 131 
108 133 


106 117 
98 92 
113 145 
96 136 

101 92 
56 55 
107 120 
94 129 
56 56 
48 56 
94 103 114 108 
89 126 
90 127 
105 134 
90 126 
108 132 
95 59 
249 123 
62 108 
19 134 
102 135 
83 115 
142 141 129 132 
108 130 
98 100 
101 136 
61 58 
102 136 
118 100 
110 141 
104 103 125 106 
113 97 
118 144 
108 121 
108 118 
95 136 
173 133 
109 133 
97 118 
107 131 
108 132 
99 99 
151 41 
60 109 
108 130 
98 95 
101 135 
104 134 
98 93 
100 98 
87 130 
108 120 
67 110 
51 56 
105 132 
49 56 
75 57 
96 99 
132 132 122 132 
98 117 
96 118 
95 92 

100 118 
114 146 
98 118 
97 98 
75 114 
97 137 
80 57 
105 134 
66 109 
74 57 
105 117 
227 120 
75 114 
106 117 
110 150 
84 60 
100 94 
103 118 
92 126 
98 136 
127 44 
98 118 
89 115 
113 149 
204 130 
115 147 
98 136 
109 145 
88 114 
95 123 

120 100 
141 138 
100 117 
106 131 
46 111 
105 117 
65 114 
87 135 
94 122 
106 134 
114 142 
131 132 123 133 
89 127 
51 58 
72 114 
109 120 
116 145 
80 57 
111 132 

100 91 
108 122 
82 61 
109 152 
84 80 
89 83 
91 125 
36 115 
40 51 
192 130 
101 89 
62 104 
72 113 
108 136 
86 114 
112 146 
132 132 121 132 
97 146 
160 133 
106 134 
96 129 
115 147 
96 137 
219 107 
106 117 
104 117 
69 114 
101 118 
163 141 130 130 
115 99 
84 76 
93 115 
133 131 113 129 
96 90 
67 57 
112 132 
92 126 
106 132 
95 126 
62 51 
56 55 
106 117 
110 133 
71 114 
98 118 
108 121 
91 126 
106 132 
105 134 
98 100 
84 116 
57 67 
83 83 
64 115 
57 108 
91 126 
130 137 
118 102 
93 85 
110 135 
112 99 
45 56 
103 132 

69 57 
68 61 
101 136 
113 143 
88 114 
160 166 
113 151 
201 129 
115 100 
109 131 
106 116 
105 134 
116 101 
32 116 
107 120 
93 130 
105 116 
106 131 
98 91 
103 118 
99 118 
169 133 
98 101 
103 136 
98 96 
48 58 
105 117 
98 94 
106 131 
111 117 
51 57 
106 134 
100 117 

107 153 
108 133 
107 132 
113 129 129 131 
109 131 
57 115 
108 142 
103 118 
113 143 
109 133 
95 142 

110 93 
115 139 
110 132 
85 62 
192 132 
105 136 
96 136 
145 142 129 132 

100 96 
96 144 
107 117 
107 132 
82 137 
106 165 
110 131 
94 116 
81 57 
106 116 
104 117 
96 101 
98 97 
55 58 
107 147 
82 83 
98 94 
100 119 

102 134 
115 141 
111 130 
51 106 
93 103 114 108 
61 109 

108 120 
42 126 
70 112 
109 135 
61 116 
32 126 
73 114 
98 100 
97 118 
105 131 
94 130 
117 96 
115 146 
83 137 
107 152 
208 130 
110 143 
105 131 
109 133 
94 138 

29 134 
95 136 
130 132 126 135 
103 132 
241 124 
97 97 
116 146 
104 118 
130 132 109 129 
104 134 
106 117 
86 116 
81 82 
101 64 
100 96 
59 109 
98 117 
101 136 
68 112 
96 136 
93 125 
96 117 
103 116 
114 148 
97 125 
69 110 
98 119 
74 115 
51 122 
100 137 
53 56 
69 60 
111 142 
98 100 
100 88 
107 128 129 131 
44 111 
38 118 
107 131 
96 99 
91 126 
94 142 
104 134 
96 118 

91 130 
85 114 
101 88 
90 132 
78 82 
108 121 
74 58 
98 136 
62 109 
89 135 
99 94 
44 56 
93 115 
6 150 
106 134 
91 135 
118 153 
100 101 
176 37 
100 117 
45 111 

108 120 
107 141 
102 134 
98 116 
84 85 
104 117 
98 118 
84 60 
95 120 
53 56 
101 118 
99 99 
103 134 
104 134 

99 96 
110 130 
104 134 
80 61 
115 140 
127 132 106 129 
52 111 
99 91 
108 118 
73 54 
114 142 
118 101 
97 136 
96 119 
110 129 132 132 
60 117 
83 115 
104 118 

112 147 
89 127 
98 93 
11 123 
111 116 
98 91 
108 121 
82 57 
97 90 
117 140 
109 132 
99 91 
115 141 
96 94 

60 68 

54 56 
44 119 
95 119 
85 114 
82 58 
82 72 
117 142 
101 119 
132 132 121 132 
100 92 
89 128 

89 130 
101 135 
119 141 
106 136 
102 143 
117 147 
102 135 
87 83 
99 91 

67 104 
103 134 
51 56 

78 57 
101 118 
118 100 
87 114 
104 117 
99 91 
54 56 
115 140 
56 55 
108 117 
109 148 
106 134 
110 147 
98 94 
96 137 
111 132 
57 56 
25 136 
109 141 
73 113 
69 111 
94 103 114 108 
105 131 
82 143 
111 133 
55 51 
127 131 110 129 
95 98 
104 117 
105 116 
87 114 
112 146 
101 118 
47 56 
117 140 
95 126 
96 119 
104 136 
114 148 
107 98 
145 150 
80 59 
116 142 
110 122 
70 66 
101 119 
92 128 
97 99 
97 100 
99 95 
99 93 
86 78 
96 118 
75 78 
75 65 
114 145 
102 134 
54 56 
247 46 
100 134 
110 132 
125 134 130 131 
97 117 
115 141 
97 136 
130 131 149 142 
97 94 
78 67 
31 125 
96 100 
110 150 
111 117 
108 128 127 131 
116 148 
100 137 
209 130 
98 119 
200 130 
90 127 
91 124 
53 117 
115 147 
46 109 

77 137 
85 62 
54 59 
98 92 
103 136 
62 142 
100 37 
109 119 
112 147 
94 144 

120 102 
103 135 
117 142 
57 58 
107 120 
92 138 
119 99 
100 119 
104 117 
109 141 
96 99 
107 131 
91 136 
90 137 

98 144 
105 116 
58 135 
84 114 
98 118 
228 124 
95 135 
95 120 
39 113 
110 142 
104 117 
131 132 122 132 
113 96 
94 136 
104 117 
91 135 
92 57 
109 133 
102 69 
85 61 
112 100 

115 146 
79 58 
86 136 
97 97 
102 134 
130 130 159 141 
195 130 
113 129 129 131 
141 141 127 132 
47 110 

97 118 
217 68 
71 114 
116 141 
87 136 
53 116 
108 149 
107 131 
184 131 

116 146 
215 119 
95 119 
114 142 
131 130 165 140 

101 85 
97 136 
11 147 
111 130 
41 54 
101 93 
51 111 
54 109 
84 62 
101 118 
58 109 
132 138 129 132 
80 78 
90 128 
110 147 
74 57 
84 62 
102 136 
64 112 
81 73 
99 136 
80 57 
97 119 
104 91 
69 109 
97 100 
106 135 
107 133 
92 135 
111 144 
80 114 
49 111 
84 60 
97 119 
100 135 
96 99 
104 134 
84 62 
109 121 
58 59 
181 82 
65 112 
66 109 
140 144 
101 97 
103 118 
232 124 
97 26 
93 136 
70 112 
100 51 
106 132 
97 117 
51 56 
98 118 
99 118 
92 131 
215 129 
91 127 
54 122 
195 70 
93 136 
110 129 131 131 
56 58 
104 89 
90 128 
130 131 150 142 
92 130 
55 107 
67 113 
106 133 
113 149 
101 97 
97 136 
72 113 
96 101 
99 91 
56 51 
105 133 
105 136 
110 148 
101 134 
91 88 
109 118 

100 98 
99 95 
110 142 
70 112 
93 104 113 110 
97 94 
100 137 
127 132 107 129 
68 113 
60 102 
103 134 
112 129 127 131 

73 115 
75 57 
100 88 
97 99 
109 133 
75 114 
48 124 
85 62 
118 142 
116 142 
108 98 
99 99 
110 131 
99 99 
110 92 
114 145 

68 114 
106 108 127 111 
132 132 111 130 
125 134 130 131 
88 128 
100 118 
82 115 
91 127 
94 136 
99 144 
97 117 
116 141 
101 94 
112 141 

90 105 111 108 
96 97 

94 104 114 109 
108 134 
87 114 
75 114 
125 140 
94 127 
109 147 
130 137 129 131 
113 146 
113 146 
60 115 
98 136 
96 136 
113 145 
112 93 
96 119 
66 111 
101 119 
161 167 
97 91 
94 120 

50 109 
106 58 

113 31 
94 103 114 108 
86 61 
84 84 
50 138 
66 113 
105 134 

117 142 
117 147 
84 114 
100 116 
108 133 
241 122 
127 132 129 137 
114 139 
72 61 
97 119 
100 119 
106 150 
115 140 
101 136 
105 132 
63 109 
112 96 
104 116 
101 144 
99 97 
99 92 
79 77 
101 119 

115 144 
99 144 
51 123 
72 104 
224 62 
84 60 
100 93 
130 132 127 135 
99 136 
110 132 
94 130 
95 135 
110 119 
112 99 
104 66 
109 133 
103 118 
97 99 
107 130 
86 129 
103 136 
164 143 
103 118 
72 74 
96 124 
104 118 
70 113 
100 136 
113 146 

38 112 
105 90 
107 118 
103 118 
101 88 
93 115 
102 134 
99 119 
100 93 
98 118 
92 128 
96 143 
109 133 
108 140 
108 118 
106 116 
96 120 
101 90 
100 93 
98 94 
90 128 
110 121 
108 150 
92 136 
103 134 
117 140 
99 116 
183 139 
107 117 
104 118 
83 59 
101 111 
234 66 
92 125 
97 136 

87 114 
101 135 
100 92 
130 131 148 142 
111 146 
90 104 111 108 
102 144 
111 98 
85 61 
108 133 
117 98 
101 118 
100 119 
114 145 
85 81 
178 43 
83 115 
96 96 
113 145 

56 56 
71 138 
116 146 
110 132 
104 136 
66 60 
155 142 131 132 
72 110 
113 145 
103 117 
71 111 
84 114 
94 129 
89 128 
91 115 
54 58 
69 112 
52 56 
93 143 
85 62 
98 118 
106 130 
96 136 
53 56 
57 56 

84 61 
26 141 
102 91 
74 52 
57 58 
98 117 
187 77 
101 136 
117 141 
108 122 

217 65 
63 109 
102 135 
133 132 112 129 
92 122 
174 151 
116 145 
83 139 
99 88 
98 117 
114 140 
84 60 
97 140 
59 114 
130 130 157 141 
106 117 
111 130 
97 119 
107 153 
104 118 
60 58 
117 141 
55 58 

136 44 
101 119 
113 148 
53 109 
97 100 
151 40 
109 123 
114 147 
66 107 
87 136 
86 128 
107 130 
90 107 111 111 
104 136 
174 146 
31 125 
67 109 
248 45 
152 45 
225 61 
130 132 118 131 
115 100 
103 134 
100 116 
89 114 
98 91 
247 122 
99 98 
98 118 
100 93 
94 116 
100 92 
62 52 
118 142 
100 118 
155 162 
70 112 
51 56 
110 134 
59 111 
100 136 
116 143 
172 31 
96 136 

81 60 
108 118 
97 96 
92 125 
106 134 
49 56 
34 132 
108 149 
109 119 
180 135 131 129 
241 124 
107 135 
50 58 
130 132 117 130 
115 145 
65 105 
113 96 
108 132 
94 136 
100 90 
100 135 
79 59 
103 134 
108 94 
93 128 
96 123 
101 97 
99 95 
60 55 
75 57 
9 148 
95 123 
184 147 

110 140 
67 112 
91 126 
103 119 
99 91 
101 134 
118 142 
29 127 
90 126 
137 139 
94 136 
56 114 
108 119 
130 132 117 130 
91 88 
90 127 
207 130 
101 94 
106 135 
99 137 
92 131 
54 59 
103 116 
115 147 
73 58 
105 134 
107 117 

52 56 
159 165 
107 131 
101 97 
46 120 
114 149 
44 117 
95 118 
78 81 
69 61 
97 144 
110 93 
106 135 
91 126 
80 137 
97 118 
115 149 
74 114 
131 132 119 131 
74 114 
55 54 
92 130 
101 136 
104 118 
108 119 
100 92 
109 133 
109 120 
109 120 
121 141 
101 92 
143 141 129 132 
99 98 
108 136 
96 100 
98 92 
95 123 
79 81 
98 117 
102 136 
100 136 
140 138 
109 120 
117 145 
93 129 

101 119 
118 142 
95 136 
68 57 
60 109 
13 148 
95 135 
104 136 
78 65 
96 119 
113 147 
100 116 
94 115 
130 131 149 142 
104 118 
99 117 
95 60 
89 129 
97 91 
107 131 
53 56 
44 50 

103 134 
104 135 
130 131 118 131 
101 135 
96 101 
58 108 
116 100 
117 142 
219 109 
109 149 
93 44 
115 140 
98 118 
76 115 
68 111 
55 54 

107 133 
69 111 
99 92 
107 99 
110 132 
57 146 
96 135 
99 93 
101 118 

93 128 
131 129 174 137 
92 127 

47 56 
98 118 
125 134 130 131 
92 135 
95 145 
109 133 
55 51 
105 99 
241 118 
114 101 
138 140 127 132 
117 100 
73 82 
70 110 
103 117 
100 94 
98 117 
93 137 
94 128 
115 141 
114 147 
81 82 
109 120 
86 73 
94 95 
112 142 
70 114 
105 133 
99 92 
109 121 

117 142 
97 136 
82 57 
88 114 
98 136 
113 97 
71 109 
98 118 
106 132 
96 126 
177 133 
53 107 
96 100 
78 114 
72 114 
111 99 
117 145 
96 76 
111 132 
193 132 
80 57 
130 131 150 142 
86 61 
82 115 
112 147 
94 122 
116 145 
97 98 
119 102 
81 82 
100 116 
100 93 
110 132 
94 137 
91 126 
99 92 
137 141 
50 56 
92 126 
59 51 
104 134 
105 136 
112 99 
98 136 
131 130 179 136 
113 142 
76 79 
100 135 
52 57 
50 58 
114 147 
104 89 
104 118 
68 113 
141 141 127 132 
102 132 
104 112 
67 113 
90 129 
92 125 
68 112 

108 132 
134 132 115 129 
5 150 
113 129 129 131 
114 142 
119 143 
114 148 
108 119 
73 114 
131 132 123 133 
43 142 
100 136 
98 117 
105 117 
67 111 
106 116 
108 134 
105 117 
154 135 
106 129 127 132 
220 106 
89 127 
77 115 
98 117 
55 116 
106 133 
130 128 110 121 
98 118 
126 43 
104 118 
211 100 
117 141 
40 120 
92 130 
115 147 
84 61 
125 140 
116 146 

90 115 
106 141 
84 61 
116 141 
98 93 
108 128 126 130 
132 132 121 131 
90 115 
111 132 
106 135 
59 59 
74 114 
108 133 
93 129 
130 132 123 133 
104 136 

65 139 
109 133 
83 59 
115 142 
101 118 
57 109 
109 148 
54 105 
95 125 
101 118 
100 101 
117 155 
93 22 
100 152 
146 137 
97 97 
108 117 
40 112 
100 96 
41 54 
96 119 
99 119 
101 136 
115 149 
220 66 
66 57 
135 139 127 132 
109 132 
100 117 
60 59 
106 120 
100 93 
188 55 
112 149 
105 132 
126 132 106 129 
97 98 
151 136 
109 134 
99 118 
99 118 
88 114 
89 129 
115 140 
61 106 
114 143 
58 59 
99 91 
86 61 
92 115 
101 134 
59 52 

109 148 
95 129 
94 129 
131 131 109 128 
64 58 
104 132 
56 58 
111 147 
100 87 
104 134 
102 135 
37 116 
115 129 135 132 
115 145 
90 128 
101 134 
101 85 
108 131 
100 95 
98 118 
173 153 
64 112 
112 98 
115 143 
104 136 
101 118 
105 136 
100 119 
44 113 
97 95 
60 59 
71 62 
101 118 
110 121 
109 134 
106 141 
89 127 
104 118 
89 138 
77 114 
73 67 
89 115 
84 60 
44 119 
56 54 
98 118 
100 91 
90 127 
80 59 
106 116 
99 136 
57 59 
114 147 

216 121 
104 133 
78 114 
94 130 
98 118 
76 114 
83 114 
96 96 
111 93 
63 111 
100 90 
97 95 
93 128 
111 93 
102 136 
91 129 
99 93 
106 130 
57 106 
90 104 111 108 
61 110 

100 94 
115 101 
90 127 
165 144 
77 113 
109 120 
86 61 
97 90 
95 89 
106 117 
104 134 
74 60 

117 142 
37 122 
92 81 
104 134 
92 137 
64 60 
101 118 
104 134 

93 128 
105 116 
113 95 
108 151 
104 118 
130 131 148 142 

97 117 
47 109 
108 133 
106 132 
83 60 
188 51 
110 147 
96 120 
25 131 
196 131 
73 72 
66 111 
99 96 
100 116 
96 136 
103 118 
112 93 
106 135 
94 104 115 107 
110 133 
77 114 
104 135 
109 120 
98 118 
96 119 
89 82 
97 117 
97 98 
67 109 
116 145 

93 137 
74 57 
51 56 
104 117 
108 127 
100 92 
100 135 
21 164 
102 136 
107 134 
50 56 
112 142 
115 140 
69 113 
102 96 
99 93 
75 57 
84 60 
102 118 
104 118 
49 56 
96 101 
80 57 
109 120 
150 35 
114 99 
117 146 

230 60 
89 114 
33 123 

109 119 
92 128 
49 57 
103 51 
90 132 
93 136 
52 56 
112 147 
85 136 
104 116 
145 49 
109 45 
107 131 
238 123 
89 106 110 110 

104 118 
107 131 
131 137 129 131 
65 109 
83 86 
100 118 
60 107 
97 136 
99 90 
72 113 
114 144 
62 51 
84 73 
51 56 
104 117 
105 133 
110 142 
116 146 
100 136 
93 128 
216 115 
110 147 
100 136 
98 118 
97 92 
115 146 
129 131 107 128 
100 136 
58 111 
83 87 
57 110 
112 150 
120 100 
156 134 
95 118 
102 134 
96 140 
142 141 129 132 
94 104 114 109 
245 49 
129 131 114 130 
108 132 

108 133 
100 90 
105 116 
44 56 
115 141 
108 118 
78 85 
105 134 
99 93 
131 130 179 136 
100 91 
95 119 
146 151 
88 130 
91 87 
101 118 

96 89 
111 93 

131 129 167 139 
103 118 
153 135 
54 57 
116 141 
34 54 
98 94 
143 142 129 132 
216 66 
105 118 
121 102 
100 136 
225 67 
215 67 
75 57 
130 130 158 141 
106 136 
104 119 
98 117 
96 141 

196 90 
97 118 
130 130 158 141 
183 146 
101 135 
90 128 
100 94 
109 96 
113 148 
130 131 150 142 
87 138 
112 142 
88 127 
102 134 
113 145 
42 129 
99 95 

31 132 
104 132 
93 122 
83 115 
95 119 
62 52 
116 142 
53 58 
116 141 
95 122 
108 117 
55 58 
61 55 
75 114 
85 62 
73 57 
104 135 
86 61 
109 150 
110 121 
97 100 
45 58 
85 72 
97 98 
106 117 
115 146 
107 117 
103 134 
194 132 
238 125 

104 117 
100 117 
102 53 
107 120 
103 136 
102 91 
99 100 
87 127 
116 148 
97 95 
108 132 
107 118 
54 55 
94 128 
92 136 
127 148 
115 101 
109 120 

97 100 
99 118 
113 144 
243 123 
104 135 
143 44 
142 43 
103 134 
117 145 
94 115 

97 102 
105 99 
71 58 
94 136 
99 137 
98 98 
97 98 
91 126 
81 144 
98 118 
62 114 
98 92 
103 132 
103 119 
111 97 

112 144 
103 118 
62 59 
59 109 
96 99 
63 141 
100 95 

66 111 
96 118 
99 136 
131 130 166 140 
115 140 
97 98 
96 144 
99 118 
107 116 
104 134 
104 136 
114 142 
110 99 
117 147 
115 147 
100 116 

130 131 150 142 
106 116 
92 125 
106 118 
100 137 
97 119 
63 114 
145 142 129 132 
106 133 
109 141 
109 120 
106 117 
98 102 
105 134 
101 85 
101 92 
130 132 109 129 
118 101 

131 130 164 140 
126 131 108 128 
175 34 
55 56 
98 116 
101 134 
94 127 
84 61 
173 137 131 129 
107 131 
108 120 
110 120 
94 123 
156 142 130 131 
137 140 127 132 
105 134 
81 137 
0 153 
3 155 
110 134 
98 145 
86 135 
47 125 
90 115 
72 113 
106 117 
113 96 
94 143 
132 129 181 135 
92 131 
99 117 
92 126 
91 126 
106 117 
89 141 
116 142 
104 134 
56 59 
113 146 

56 51 
93 128 
107 131 
39 127 
64 106 

115 145 
104 136 
108 133 
79 81 
130 130 162 141 
100 90 
58 55 
66 138 
99 49 
102 152 
110 132 
74 110 
47 56 
106 117 
110 121 
27 126 
105 117 
70 58 
106 133 
89 129 
65 111 
101 118 
114 139 
130 131 118 131 
116 146 
20 165 
134 138 129 132 
103 118 
97 125 
42 115 
89 129 
110 130 131 133 
85 141 
74 114 
116 160 
89 128 
14 146 
106 135 
59 108 
100 95 
91 80 
98 119 
76 114 
52 56 
131 129 168 139 
100 94 
77 115 
117 146 
108 131 
180 132 
94 76 
50 56 
77 114 
108 132 
93 104 113 110 

98 119 
78 61 
166 145 
103 118 

100 93 

80 80 
97 102 
131 132 154 142 
98 99 
102 135 
67 113 
99 94 
110 120 
108 121 
85 74 
100 119 
45 56 
96 24 
27 53 
96 48 
81 60 
70 115 
93 136 
56 57 

108 133 
102 136 
3 152 
114 97 
86 128 
152 135 
183 81 
92 143 
69 57 
70 113 
35 124 
96 101 
107 152 
100 116 
41 113 
97 117 
108 117 
98 117 
146 51 
108 132 
100 96 
49 109 

76 57 
104 119 
100 118 
61 58 
96 101 

102 96 
96 120 
114 98 
119 100 
99 92 
75 114 
67 112 
198 131 
106 134 
96 119 
80 137 
105 57 
104 116 
107 132 
54 51 

31 137 
91 126 
77 57 
98 98 
233 125 
107 119 
88 137 
86 131 

99 136 
94 136 
42 54 
99 101 
77 84 
54 108 
114 142 
87 61 
100 119 
77 57 

100 89 
70 114 
161 162 
118 100 
116 141 

70 111 
59 69 
99 134 
95 136 
94 104 115 109 
106 131 
105 136 
64 109 
135 141 
110 132 
56 58 
91 85 
97 99 
127 131 112 129 
116 141 
83 115 
34 118 

112 98 
111 98 
97 118 
110 112 89 107 
48 56 
102 134 
110 121 
74 78 
84 60 
116 102 
98 136 
69 114 

93 130 
105 117 
91 126 
99 91 
109 152 
66 112 
98 118 
110 150 
126 134 130 132 
52 56 
91 80 
98 118 
74 114 
100 118 
130 131 111 128 
52 109 
108 132 
96 95 
58 146 
66 60 
109 133 
95 125 
119 101 
181 145 
102 136 
99 118 
110 100 
112 100 
100 92 
108 133 
85 61 
108 121 
99 97 
98 100 
65 64 
112 145 
82 139 
109 145 
64 57 
111 144 
112 95 
86 114 
93 115 
87 114 
91 115 
107 141 
97 100 
96 145 
115 142 
44 127 
109 119 
94 127 
51 56 
117 158 
101 135 
98 117 
177 143 
103 151 
97 92 
56 51 
105 135 
53 58 
107 130 
108 120 
17 146 
106 132 
100 116 
98 117 
115 142 
95 136 
106 120 
96 119 
87 114 
98 96 
113 150 
111 145 
63 113 
110 147 
99 116 
38 57 
101 135 
95 121 
120 102 
100 99 
115 98 
129 129 110 122 
228 59 
49 59 

60 144 
78 114 
100 135 
109 120 
99 78 
58 51 
91 130 
143 141 129 132 
112 99 
130 131 119 131 
97 117 
111 144 
106 97 
104 117 
93 104 113 109 
103 92 
69 58 
71 114 
118 100 
49 56 
130 131 110 128 

54 134 
99 136 
116 101 
101 119 
107 118 
97 98 
115 139 
131 132 152 142 
116 143 
108 130 
117 146 
102 135 
99 97 

107 130 
110 135 
41 51 
110 151 
85 61 
53 56 
147 136 
102 118 
84 136 

108 130 
104 118 
115 140 
66 112 
96 137 
90 106 111 109 
131 130 170 138 
106 117 


110 120 
96 118 
60 131 
100 94 
100 135 
100 119 
86 138 
104 118 
106 136 
83 80 
110 130 
46 54 
90 126 
99 118 
95 135 
105 116 
60 55 
116 142 
120 101 
84 60 
92 91 
131 137 129 132 
149 136 
102 135 
42 128 
107 132 
107 118 
113 146 
104 134 
88 136 
100 95 
74 61 
96 142 
102 136 
106 116 
137 33 
104 118 
46 56 
96 100 

106 136 
57 132 
81 57 
113 148 
105 116 
72 73 
71 61 
99 92 
83 131 
99 118 
98 95 
183 132 
73 57 
104 118 
98 92 
70 81 
96 119 
99 100 
82 116 
107 117 
97 117 
137 139 
80 74 
61 59 
116 146 
90 85 
99 93 
74 115 
111 147 
99 117 
108 119 
89 127 
92 140 
112 139 
98 95 

101 110 

99 95 
99 140 
55 57 
107 132 
71 104 
108 136 
100 95 
100 93 
110 120 
112 137 
92 125 
104 90 
99 118 
99 136 
39 138 
76 113 
108 119 
106 133 
54 54 
107 116 
106 132 
95 47 

99 116 
97 141 
106 134 
108 117 
55 50 
131 129 175 136 
120 102 
220 128 
196 131 
100 40 
72 115 
49 56 
102 136 
81 57 
100 92 
124 145 

91 81 
99 98 
97 118 

49 56 
108 132 
113 141 
142 141 129 131 
98 118 
178 42 
89 79 
105 150 
116 141 
98 117 
217 129 
101 97 
105 134 
110 133 

107 120 
168 133 
52 110 
96 96 
105 134 
109 125 
90 115 
163 142 
101 118 
114 142 
99 94 
99 95 
100 119 
63 110 
91 86 
130 131 151 142 
50 56 
97 118 
68 113 
105 134 
133 138 129 132 
97 117 
75 114 

124 134 130 131 
78 58 
110 145 
79 61 
100 136 
79 58 
80 70 
131 130 167 139 
77 57 
72 114 
100 117 
106 131 
96 126 
21 164 
44 111 
84 116 
89 107 110 111 
114 146 

105 135 
102 134 
107 117 
108 132 

109 132 
41 113 
99 117 

47 140 
89 127 
114 143 
90 105 111 108 
93 104 113 110 
109 133 
98 118 
104 117 
129 139 
99 96 
129 131 115 130 
116 102 
55 51 
97 92 
99 91 
101 120 
115 146 
107 131 
106 131 
75 61 
77 114 
64 112 

110 120 
90 126 
69 110 
93 115 
104 134 
96 137 
103 118 
107 117 
114 144 
171 133 
57 121 
103 118 
111 95 
55 110 

96 99 
117 141 
94 116 
96 101 
175 133 
54 56 
39 112 
98 117 
67 112 
99 96 
115 142 
108 120 
20 144 
90 130 
84 61 

178 132 

35 127 
115 147 
101 119 
81 60 
97 99 
102 136 
104 135 
72 74 
103 96 
91 127 
120 100 
116 146 
78 70 

112 147 
99 99 
95 142 
106 133 
110 133 
54 58 
89 128 
101 115 
108 131 
95 98 
94 104 115 108 
53 111 
96 94 
98 98 
94 116 
95 135 
83 60 
78 58 
92 131 
60 115 
109 47 
29 128 
87 116 
65 109 
87 61 
96 118 
218 111 
102 134 
95 94 
97 86 
85 60 
72 78 
96 96 
234 120 
117 145 
93 128 
89 107 110 111 
105 131 
107 117 
16 145 
114 146 
134 138 129 132 
105 134 
104 118 
98 101 
82 115 
112 146 
140 38 
100 96 
103 118 
21 143 
102 103 123 106 
107 136 
109 122 
107 135 
107 132 
95 118 
105 117 
109 133 
114 146 
131 129 176 136 
108 120 
99 90 
118 142 
40 54 
73 60 
94 116 
59 58 

97 117 
96 120 
105 136 
79 81 
105 117 
56 51 
20 132 
88 114 
111 150 
97 117 
114 129 129 131 
88 144 
108 118 
99 118 
74 115 
132 128 183 133 
62 107 
106 131 
100 99 
133 131 114 128 
99 135 
85 114 
111 147 
102 115 
131 129 176 136 
87 135 
102 152 
98 144 
99 100 
94 116 
56 113 
111 143 
103 91 
84 114 
107 117 
88 144 
61 109 
108 128 130 131 
117 147 
42 143 


118 144 
79 145 
96 101 
56 116 
100 137 
86 116 
92 142 
97 92 
116 160 
54 58 
117 147 
91 136 
106 134 
116 145 
138 139 
106 132 
77 115 
55 54 
94 136 
108 118 
38 54 
108 132 
98 117 
108 133 
93 129 
74 68 
92 125 
94 137 
114 111 95 105 
127 131 111 128 
99 117 

97 118 
63 113 
188 131 
149 33 

61 59 
93 103 112 109 
118 100 
115 130 129 131 
85 62 
98 119 
80 81 
88 143 
96 146 
111 146 
106 117 
97 92 
99 91 
53 56 
75 114 
98 94 
110 97 
97 144 
101 135 
86 61 
107 121 
98 101 
98 118 
52 58 
109 120 
84 82 
106 134 
125 41 
104 132 
97 97 
117 140 
110 133 
96 97 
75 114 
75 115 
99 92 
78 60 
97 101 
113 148 
187 131 
35 57 
93 137 
76 57 

104 117 
105 136 
94 136 
135 51 
160 51 
70 113 
53 59 
94 145 
81 84 
108 121 
107 133 

107 119 
106 120 
63 58 
97 117 

45 126 
247 123 
97 136 
117 141 
103 116 
110 121 130 128 
93 137 
96 97 
100 95 
98 117 
130 131 123 133 
88 128 
120 102 
130 137 129 131 
102 137 
146 142 130 132 
100 93 
106 136 
98 109 117 115 
105 135 
57 52 
106 56 
129 131 115 130 
84 85 
119 101 
99 118 
91 137 
97 119 
99 91 
99 99 

66 57 
89 129 
59 59 
97 96 
116 147 
110 94 
97 134 
106 134 
130 130 156 141 
105 138 
103 151 

99 98 
98 100 

106 150 
104 118 
153 160 
125 140 
104 89 
93 128 
82 57 
84 62 
69 113 
114 97 
80 115 
101 89 
58 52 
106 136 
93 129 
99 118 

107 156 
79 60 
56 57 
117 100 

113 141 
69 114 
53 135 
101 95 
107 117 
107 135 
111 150 
98 118 
78 70 
88 136 

112 94 
110 120 
106 132 
89 129 
86 115 
86 61 
134 140 
104 118 
100 94 
206 130 
148 137 
52 56 
147 32 
115 142 
198 79 
64 103 
91 125 
98 93 
112 98 
25 137 
99 119 

96 137 
73 78 
108 95 
59 55 
99 118 
91 87 
109 132 
76 115 
105 117 
51 58 
98 119 
106 121 
104 116 
109 141 
98 136 
100 93 
106 117 
102 135 
50 109 
60 59 
100 93 
50 59 
129 131 114 129 
42 119 
150 156 
72 113 
62 105 
94 128 
112 146 
71 112 
101 136 
97 117 
51 104 
77 113 
105 133 
113 97 
124 147 

76 57 
105 117 
89 128 
109 129 131 133 
96 97 
112 144 
97 117 
100 134 
66 111 
92 128 
52 58 
120 102 
65 61 

100 117 
28 140 
62 116 
131 129 180 135 

147 43 
100 99 
109 129 130 132 
92 115 
80 57 
134 132 113 129 
74 114 
146 142 130 131 
129 131 114 130 
98 136 
76 78 
108 135 
87 114 
129 131 109 128 
101 118 
209 73 
68 113 
170 133 
90 143 
53 57 
58 59 
91 126 
105 131 

96 125 
104 89 
245 124 
106 117 
104 118 
59 105 
88 79 
65 108 
85 61 
134 138 129 132 
98 117 
116 141 
88 135 
110 133 
100 93 
88 142 
239 63 
116 146 
68 71 
106 131 
100 118 
113 141 
112 144 
91 131 
179 132 
107 118 
113 97 
68 113 
108 147 
61 51 
104 92 
98 98 
37 114 

106 134 
96 118 
163 133 
94 104 113 110 

50 59 

118 144 
96 96 
86 61 

108 131 
104 136 
94 137 
92 103 113 108 
58 57 
46 56 
61 59 
113 145 
131 129 176 136 
106 116 
116 146 
42 111 

100 88 
53 57 
202 130 
104 132 
52 54 
95 145 
86 74 
33 121 
68 108 
52 58 
46 129 
167 133 
53 58 
99 153 
90 136 
94 129 
131 130 164 140 
170 150 
76 57 
83 60 
109 132 
94 105 114 110 
91 105 112 109 
81 59 
101 119 
103 135 
84 60 
90 56 
103 135 
95 118 
99 96 
103 118 
100 89 
52 56 
77 57 
84 59 
96 98 
102 136 
95 116 
96 119 
117 147 
112 146 
99 100 
55 56 
90 138 
98 94 
115 100 
97 93 
100 92 

74 112 
110 93 
97 117 
59 59 
139 140 127 132 
61 107 
55 57 
81 57 
97 90 
57 58 
107 136 
108 120 
110 97 
106 150 
80 71 

102 135 
89 106 111 110 
110 133 
74 114 
85 116 
68 109 
31 123 
52 107 
89 127 
96 136 
97 118 
97 117 
51 58 
55 107 
99 118 
166 133 
78 145 
99 136 
101 97 
95 135 
117 143 
158 164 
107 133 
142 41 
63 120 
102 134 
104 136 
103 134 
167 146 
131 129 175 137 
99 137 
92 126 
212 70 
57 54 
213 69 
63 58 
88 128 
100 89 
98 118 
127 132 110 129 
97 117 
109 120 
198 131 
87 128 

127 131 108 128 
104 117 
114 148 
107 119 
101 93 
136 139 
91 127 
104 117 
80 68 
110 129 127 131 
108 131 
100 95 
98 99 
96 118 
63 113 
118 102 
52 54 
162 141 
108 132 
97 99 
249 123 
117 96 
52 58 
98 97 
110 99 
116 146 

106 134 
100 93 
100 116 
58 58 
48 58 
95 136 
104 132 
47 58 
115 144 
110 129 127 131 
106 117 
108 141 
95 137 
190 149 
100 95 
185 140 
98 93 
103 136 
69 114 
99 98 
103 142 
85 131 
108 128 126 131 
45 110 
98 102 
108 129 130 132 
124 39 
83 57 
36 57 
59 55 
92 142 
92 126 
80 60 
106 117 
111 130 
181 134 132 129 
86 61 

89 107 110 111 
66 110 
90 125 
96 96 
89 136 
85 137 
51 56 
78 57 
114 145 

52 58 
104 55 
92 128 
98 61 

104 134 
48 58 
99 93 
115 141 
95 120 

99 118 
115 140 

118 143 
108 129 
98 101 

52 58 
105 118 
104 41 
100 90 
86 128 
48 57 
97 135 
108 133 
73 113 
105 90 
113 129 127 131 
106 59 
103 134 
112 151 
131 130 178 136 
104 118 
81 139 
99 100 
127 132 106 128 
108 120 
70 112 
98 99 
92 129 
59 109 
40 51 


107 117 
114 146 

101 118 
104 117 
109 149 
110 111 89 107 
99 117 
156 163 
51 58 
47 118 
105 134 
96 90 
85 135 
51 56 
99 136 

101 95 
119 141 
83 60 
87 127 
81 61 
108 133 
74 115 
106 117 
117 147 
112 143 
107 117 

54 56 
43 116 
99 79 
96 136 
110 122 
73 112 
69 113 
53 55 
101 118 
114 98 
64 140 
87 137 
115 145 
115 146 

131 130 178 136 

88 135 
97 117 
98 117 
96 101 
127 131 111 129 
114 146 
95 119 
215 69 
76 57 
98 117 
112 100 
94 116 
209 128 

64 52 
106 136 

100 117 
176 142 
109 119 
99 95 
96 95 
100 153 
101 118 
103 134 
93 125 
115 140 

68 114 
86 61 

109 119 
90 135 
249 122 
101 97 
41 51 
102 132 

85 61 
44 57 
109 154 
27 113 
174 34 
109 134 
93 126 
252 121 
85 139 
110 152 
101 118 
104 135 
92 115 
98 97 
108 131 
114 147 
116 143 
104 135 
135 139 129 132 
103 118 
98 50 
69 113 
47 57 
90 115 
185 131 
101 92 
133 138 129 132 
129 132 107 129 
91 126 
107 119 
104 117 
94 104 113 111 
114 99 
105 135 
232 59 
84 60 
29 53 
78 55 
97 101 

83 83 
81 57 
99 95 
97 117 
95 88 
82 116 

65 107 
86 114 
191 73 
109 153 
61 58 
85 114 
63 69 
202 129 
131 133 110 130 
104 116 
96 123 
97 136 
102 134 
71 75 
86 61 
98 92 
71 72 
145 142 129 132 
113 98 
75 57 
95 137 
121 96 
50 112 
97 122 
110 144 
97 100 
86 114 
96 95 
104 117 
93 130 
85 85 
91 126 
104 134 
95 128 
105 134 
103 135 
180 48 
105 133 
91 130 
101 115 
114 141 
94 127 
73 57 
57 112 
89 107 110 112 
48 56 
98 97 
82 57 
105 116 
98 101 
84 135 
96 117 
97 140 
136 139 127 132 
109 133 
87 140 
99 96 
100 115 
97 97 
110 132 
98 102 
116 142 
81 57 
108 135 
106 134 
114 148 
107 149 
52 58 
104 118 
107 135 
101 119 
100 89 
109 122 

80 57 
66 112 
138 140 129 132 
107 134 
47 56 
102 135 
68 112 
109 132 
63 109 
95 120 
46 58 
107 134 
101 52 
109 133 
96 136 
91 84 
100 93 
49 56 
113 95 
101 136 
96 105 115 111 
80 114 
106 141 
110 133 
93 115 
104 134 
52 55 
109 120 
106 116 
92 130 
69 65 
94 128 
132 128 184 133 
96 118 
96 136 
112 137 
59 59 
93 125 
111 151 
95 118 
116 101 
98 117 
99 98 
98 92 
43 51 
67 111 
110 128 126 131 

98 117 
83 84 
4 154 
69 58 
116 143 
100 135 
89 127 
93 46 
98 100 
90 129 
91 127 
111 97 
84 137 
99 62 
56 51 
107 99 
107 131 
93 126 
50 110 
110 133 
68 113 
114 146 
97 99 
107 135 
100 119 
96 96 
99 93 
113 147 
83 87 
73 69 
108 134 
97 97 
108 151 
59 58 
29 133 
99 92 
60 55 
70 109 
96 100 
109 133 
83 60 
107 130 
68 111 
57 109 
174 141 
114 142 
36 57 
70 68 
87 61 
95 135 
93 128 
96 45 
45 112 
94 136 
106 130 

95 119 
91 126 
51 108 
42 119 
106 117 
105 96 

106 133 
98 92 
88 139 
72 114 
187 50 
100 93 
116 102 
107 119 
89 129 
73 114 
148 154 
105 134 
109 129 131 132 
98 97 
105 116 
115 142 
113 145 
53 57 
104 117 
100 137 
115 141 
113 94 
98 145 
56 54 
107 133 
100 119 
81 61 
100 135 
115 100 
83 116 
98 98 

74 57 
97 94 
94 104 115 109 
99 137 

100 95 
102 134 
109 119 
60 52 
94 138 
93 137 
118 98 
73 64 
110 134 
84 137 
101 143 
116 102 
99 96 

105 117 
106 95 
110 115 
85 86 
116 141 
110 142 
116 148 
101 92 
106 116 
56 56 
93 142 
96 119 
82 115 
98 118 
127 131 113 129 
78 81 
56 57 
100 88 
101 95 
148 142 130 131 
105 117 
107 141 
98 94 
107 131 
101 143 
227 60 
95 119 
98 118 

71 113 
117 157 
99 97 
102 134 
96 117 
104 118 
114 98 
190 74 

73 115 
74 113 
97 118 
189 59 
103 118 
130 131 147 142 
69 112 
83 115 
96 120 
109 135 
99 118 
105 117 
102 135 
94 129 
94 127 
11 149 
110 121 
101 135 
95 136 
100 143 
90 127 

102 94 
64 109 
131 132 123 133 
130 130 159 141 
49 58 
107 120 
116 141 
99 118 
108 133 
9 150 
108 131 
179 144 
115 145 
94 116 
119 143 

53 58 
110 93 
108 132 

117 147 
129 131 127 135 
96 137 
94 129 
108 121 
92 85 
49 59 
100 117 
96 100 
106 120 
98 117 
104 117 
99 117 
62 68 
116 141 
103 117 
113 146 
97 92 
105 116 
91 129 
98 98 
106 135 
110 48 
102 134 
139 35 
102 134 
107 133 
107 120 
97 119 
100 90 
35 132 
70 108 
104 118 
103 88 
100 100 
108 120 
100 94 
76 114 
193 149 

91 126 
106 117 
109 133 
102 134 
76 61 
133 140 
114 129 135 132 

48 56 
127 131 111 128 
96 101 
98 118 
104 117 
104 134 
108 133 
89 136 
103 134 
79 139 
98 99 
115 129 135 132 

111 149 
113 96 
108 122 
135 139 127 132 
45 111 
96 100 
116 148 
101 118 
91 127 
102 134 
105 136 
113 148 
92 136 
69 113 
116 142 
109 144 
41 115 
76 113 
83 59 
97 99 
114 144 
95 119 
100 94 
103 119 
117 100 
82 115 
82 57 
76 115 
116 159 
66 109 
190 133 
97 136 
96 99 
48 56 
53 58 
48 56 
86 82 
115 144 
99 116 
94 136 
106 117 

100 99 
96 136 

86 129 
146 137 
47 57 
86 61 
98 101 
105 89 
117 147 
169 148 
77 81 
90 115 
102 115 
69 115 
68 109 
107 147 
113 146 
75 69 
105 131 
98 118 
104 119 
116 141 
90 115 
71 114 
41 113 
57 55 
77 66 
50 56 

131 129 174 137 
104 134 
97 99 
133 138 129 132 
108 149 
91 127 
98 118 
115 141 
119 99 
89 128 
52 56 
97 98 
145 137 
97 86 
126 140 
92 126 
65 113 
72 113 
116 146 
90 128 
84 114 
98 136 
103 118 
109 152 
191 131 
189 133 

57 52 
93 128 
120 102 
93 128 
219 64 
82 135 
61 108 
102 96 
96 137 
93 127 
58 56 
211 71 
117 146 

189 131 
131 131 110 128 
105 118 
104 134 
105 134 
62 111 
71 60 
46 50 
54 106 
130 130 161 141 
96 119 
98 94 
67 113 
67 64 
90 64 
93 103 113 109 
77 57 

104 134 
85 61 
86 74 

108 133 
111 116 
21 164 
71 115 
60 52 
87 116 
89 129 
105 134 
115 141 
66 112 
113 145 
68 113 

60 109 
100 92 
97 119 
106 132 
84 135 
98 100 
102 86 
97 118 
90 64 
36 117 
109 132 
63 108 
104 135 
97 95 
143 138 
45 126 
104 117 
59 52 
88 145 
94 104 115 109 
116 145 
136 139 
97 118 
114 141 
194 132 
90 115 
74 113 
100 91 
107 134 
105 133 
88 127 
102 136 
87 61 
102 118 
99 118 
104 117 
97 102 
135 139 127 132 
98 96 
86 61 
85 114 

99 136 
73 113 
107 133 
93 115 
106 133 
54 56 
116 146 
104 117 
97 119 
174 133 

86 61 

98 118 
97 136 
98 118 
91 138 
98 101 

98 118 
111 144 
99 140 
92 138 
113 98 
108 118 
88 130 
104 136 
109 134 
99 87 
101 118 
111 100 
219 128 
95 143 
108 131 
202 131 
42 56 

66 79 
94 136 
97 94 
100 119 
113 97 
102 118 
119 142 
98 118 
98 101 
108 133 
98 93 
109 122 
116 161 
98 117 
99 99 
100 99 
91 135 
187 46 
92 131 
54 58 
81 83 

106 117 
91 126 
86 61 
55 55 
115 145 
79 56 
88 76 
106 116 
93 128 
94 136 
117 140 
114 140 

97 118 
65 111 
71 115 
104 117 
64 113 
77 69 
75 58 
92 115 
50 56 
56 58 
240 120 
248 118 
39 58 
107 118 
115 146 
116 162 
171 134 
130 131 148 142 
106 132 
91 126 
77 58 
97 97 
130 130 162 140 
80 57 

191 68 
67 74 
130 131 146 142 
51 56 
51 56 
96 94 
125 149 
87 136 
118 142 
94 145 
96 135 
40 115 
85 62 
146 52 
117 143 
94 136 
105 136 
117 141 
111 132 

116 142 
65 111 
131 130 168 139 
98 118 
131 130 172 138 
116 140 
97 136 
96 99 
96 136 
99 118 
93 115 
99 118 
186 78 
84 61 
73 61 
91 127 
120 101 
101 119 
93 128 
132 129 182 134 
94 23 
98 118 
112 98 
93 138 
112 132 
108 134 
95 119 
71 57 
50 58 
96 118 
77 72 
52 59 
71 115 
64 109 
98 136 
101 118 
106 117 
113 141 
130 132 124 134 
129 131 109 128 
48 112 
110 100 
99 98 
53 55 
75 115 
73 112 
68 105 
96 106 115 112 
110 148 
55 56 
117 147 
107 116 
100 135 
94 105 114 110 

100 91 
107 117 
101 86 
106 130 
89 131 
71 109 
84 114 
95 126 
90 107 110 111 
51 136 
136 139 127 132 
99 118 
40 121 
99 116 

100 153 
116 141 
80 114 
105 132 
24 53 
106 130 
99 118 
188 63 
113 146 
99 92 
98 91 
130 130 160 141 
116 140 
138 140 127 132 
130 132 117 131 
116 163 
43 112 
112 142 
84 60 
99 118 
94 116 
99 93 
105 135 
114 147 

114 144 
93 137 
96 96 
100 118 
86 61 
56 55 
31 124 
153 48 
98 117 
118 141 
114 149 

101 118 
110 131 
104 118 
37 57 
99 93 
91 136 
58 146 
62 111 
66 113 
125 134 130 132 
106 68 
53 56 
75 114 
55 55 
114 148 
96 119 
22 143 
91 124 
67 109 
102 94 
113 129 127 131 

87 76 
75 79 
115 146 
36 128 
93 127 
119 102 
98 93 
85 129 
188 148 
106 99 
101 118 
92 131 
112 145 
98 118 
116 140 
98 137 
101 92 
104 117 
104 118 
91 115 
100 96 
103 91 
109 120 
66 106 
103 88 

99 118 
70 109 
54 114 
99 95 
203 131 
104 134 
162 133 
84 61 
95 94 
227 62 
59 58 
119 101 
119 141 
109 119 
96 136 
91 124 
96 136 
244 118 
56 56 
247 58 
98 118 
72 113 
106 117 
104 117 
63 111 
56 51 
98 119 

107 117 
44 50 
108 133 
89 137 
110 97 
71 111 
196 88 
114 147 
31 133 
98 100 
106 134 
196 96 
148 30 
65 58 
55 58 
76 57 
93 142 
111 130 131 132 
72 81 
100 90 
87 83 
104 117 

107 136 
213 129 
108 130 
96 117 

96 96 
50 57 
67 112 
96 144 
97 98 
106 117 
64 58 
96 119 
100 116 
112 149 
98 138 
98 100 
41 54 
25 136 
109 120 
90 43 
102 134 
131 130 169 139 
54 58 
81 57 
61 59 
97 118 
107 118 
97 99 
96 119 
98 99 
131 47 
98 96 
101 135 
194 150 
204 130 
90 126 
85 62 
101 115 
201 131 
54 56 
94 103 114 108 
110 148 
116 165 
109 132 
113 150 
85 86 
199 75 
98 102 
202 98 
47 118 
104 118 
103 116 
93 82 
129 131 115 130 
98 100 
119 143 
109 151 
91 126 
82 61 
136 139 127 132 
71 113 
100 136 
107 130 
63 52 
104 134 
114 146 
61 109 
109 144 
91 126 
101 91 

77 80 
141 138 
100 116 
31 53 
47 57 
107 134 
53 56 
130 131 123 133 
91 125 
86 81 
102 134 
90 127 
48 109 
188 64 
97 145 
106 130 
18 145 
100 94 
50 56 
107 132 
103 134 
57 59 
95 136 
68 109 
105 134 
115 141 
105 134 
92 128 
102 135 
92 136 
106 133 
89 114 
98 93 
102 115 
90 127 
41 128 
116 141 
117 147 
113 128 132 131 
97 100 
78 84 
68 112 
100 92 
100 92 
117 147 
103 88 
100 118 
66 113 
73 114 
144 46 
174 32 
101 97 
45 56 
138 140 127 132 
96 123 
91 115 
97 100 
117 142 
99 118 

88 73 
95 127 
110 131 
67 113 
88 130 
111 147 
98 99 
73 112 
103 132 
90 127 
51 117 
57 55 
55 59 
95 119 
65 105 
120 141 
108 133 
108 141 

108 119 
97 99 
46 111 

50 56 
57 59 
100 118 
64 111 
98 117 
107 154 
219 67 
113 145 
100 95 
102 135 
62 111 
67 113 
66 60 
90 107 110 112 
102 143 
233 119 
94 143 
188 61 
111 98 
97 118 
97 101 
108 42 
78 58 
111 146 
91 126 
107 117 
108 120 

106 130 
112 94 
69 109 

51 110 
101 135 
92 131 
130 132 126 134 
49 56 
155 51 
101 38 
115 141 
105 116 
93 42 
100 90 
101 88 
115 146 
69 111 
97 98 
108 133 
43 54 
109 130 130 133 
94 105 115 110 
129 132 108 129 
50 56 
138 142 
107 117 
66 70 
125 134 130 131 
46 126 
91 86 
101 87 
38 58 
109 118 
104 135 
116 142 
99 91 
149 154 
127 131 112 129 
105 136 
101 143 
74 114 
115 147 
101 136 
87 114 
98 92 
97 136 
114 150 
101 117 
45 116 
102 144 
85 133 
101 96 

84 59 
97 136 
54 56 
129 143 
101 52 
130 131 153 142 
97 118 
78 57 
66 113 
91 87 
116 146 
107 130 
99 92 
95 135 
98 93 
106 137 
93 104 113 110 
217 113 
138 138 
77 114 

97 125 
97 97 
116 166 
93 128 

66 113 
96 136 
116 148 
61 59 
116 140 
101 134 
104 134 
106 117 
110 132 
110 144 
147 137 
104 116 
100 116 
119 102 
54 105 
90 127 
94 136 
95 123 
212 128 
79 80 
95 136 
103 118 
107 117 

184 80 
98 100 
130 132 127 135 
47 110 
235 120 
116 147 
105 132 
106 117 
65 58 
192 150 
114 146 
100 93 
61 51 
116 147 
54 55 
99 136 
84 60 
61 59 
104 117 
119 142 
89 128 
106 132 
96 120 
110 146 
104 118 
71 109 
107 131 
56 56 
81 60 
252 117 
89 128 
130 131 123 133 
98 103 119 107 
96 136 
104 117 
187 45 
165 133 
68 110 
112 147 
102 53 

96 136 
100 117 
85 131 
118 98 

115 129 133 131 
98 137 
73 78 
97 136 

112 147 
95 135 
97 136 
103 118 
28 129 
96 136 
95 145 

96 118 

93 128 
115 143 
190 132 
54 55 
112 142 
95 118 
76 109 
101 135 
130 130 157 141 
129 140 
89 128 
113 97 
54 57 
119 143 
127 131 108 128 
105 117 

88 137 
101 135 
105 136 
62 59 
74 113 
109 120 
92 129 
102 136 
104 117 
217 128 
56 133 
89 107 111 111 
178 47 
98 118 
117 147 
48 56 
164 134 
106 136 
108 133 
96 136 
104 117 
99 99 
99 93 
112 147 
97 123 

91 128 
87 137 
133 140 
94 137 
107 134 
115 142 
99 116 
49 56 

34 118 
73 77 
75 57 
98 136 

54 58 
99 96 
98 95 
97 100 
135 139 127 132 
106 134 
112 100 
103 134 
103 116 

92 129 
91 125 
68 109 
108 119 
107 151 
131 129 168 139 
77 114 
98 118 
107 134 
61 106 
95 136 
94 116 
109 128 130 131 
108 134 
100 119 
64 60 
91 129 
98 119 
103 134 
91 127 
103 118 
105 134 
94 127 
92 128 
104 117 
108 133 

104 134 
46 56 
116 141 
107 130 
107 117 
104 135 
99 143 
117 146 
76 83 
105 134 
102 134 

72 110 
104 117 
111 139 
50 138 
101 137 
105 134 
100 118 
111 147 
76 115 
97 98 
157 134 

100 88 
92 130 
46 58 
132 137 129 132 
99 98 
242 61 
102 134 

102 136 
58 116 
160 133 
92 131 
67 113 
101 94 
87 128 
98 94 
90 107 110 112 
89 128 
96 126 
104 116 
93 127 
109 133 
78 137 

108 140 
108 130 129 133 
106 117 
100 89 
244 60 
53 58 
103 134 
37 132 
109 96 
141 145 
106 134 
87 61 
110 119 
82 60 
91 127 
96 120 
104 89 
55 56 
103 136 
127 131 111 129 
98 117 
104 118 
89 80 
103 118 
100 119 
96 119 
72 113 
39 116 
77 113 
89 128 
117 141 
96 100 
60 110 
94 135 
49 123 
101 118 
54 59 
116 148 
98 92 
86 61 
106 117 
115 147 
89 129 
99 117 
89 46 
99 136 
170 134 
115 140 
108 150 

94 116 
239 124 
81 57 
109 133 
106 132 
89 106 111 110 
113 141 
108 133 
131 130 171 139 
109 133 
114 148 
55 56 
98 99 
107 141 
115 142 
94 135 
87 61 
93 127 
109 142 

84 60 
91 129 
112 99 
91 87 

223 120 
204 130 
132 132 121 131 
98 100 
87 116 
83 86 
97 97 
115 129 135 132 
52 58 
193 132 
108 134 
98 117 
105 134 
95 137 
49 118 
91 127 
108 145 
99 95 
100 143 
89 115 
81 135 
100 84 
67 79 
107 39 
115 146 
100 119 
50 56 
101 152 
109 131 

103 134 
104 57 
107 120 
92 125 
96 117 
102 90 
130 130 160 141 
54 113 
98 119 
113 145 
104 117 
91 65 
133 131 115 128 
97 92 
115 146 
93 103 114 109 
111 94 
93 135 
107 130 
108 132 
120 119 101 112 
115 100 
91 143 

11 135 
103 117 
88 127 
93 125 
144 48 
115 142 
116 142 
88 128 
116 141 
115 148 
243 122 
109 119 
97 123 
68 111 
45 125 
118 101 
104 132 
102 118 
52 110 
98 136 
112 93 
131 132 123 133 
171 134 
84 59 
91 115 
99 97 
70 112 
83 115 
101 93 
131 132 122 133 
80 114 

114 145 
98 52 
102 135 
66 59 
86 61 
75 57 
96 144 
99 99 
92 125 

93 58 
214 68 
114 144 
117 141 
115 101 
79 78 
64 108 
107 135 
90 144 
86 114 
87 82 
56 51 
118 101 
108 133 
107 136 
107 121 
98 118 
85 140 
96 118 
107 133 
100 134 
97 98 
101 92 
133 50 
244 124 
76 80 
39 58 
106 133 
97 98 
114 150 
107 120 
116 148 
81 69 
81 86 
65 119 
135 132 115 129 
98 94 
98 117 
109 132 
131 132 152 142 
40 138 
116 99 
108 118 
47 56 
72 114 
93 128 
129 131 127 135 
88 54 
134 138 127 132 
36 54 
52 56 
107 133 
32 122 
98 102 
47 57 
93 129 
102 134 
108 133 
75 113 
85 86 
109 134 
103 116 
97 136 
74 115 
104 117 
94 136 
114 148 
97 136 
77 57 
168 147 
101 134 
107 117 
99 95 
108 119 
110 141 
116 142 
50 56 
98 118 
212 128 
97 94 
64 58 
73 111 
54 56 
64 107 
172 134 
67 113 
96 118 
104 117 
98 101 
43 56 
106 134 
107 133 
89 129 
99 119 
141 40 
76 114 
63 106 
104 118 
97 100 
112 148 
50 51 
116 101 
105 134 

171 134 
83 115 
196 87 
29 125 
65 112 
99 99 
111 142 
98 100 
112 147 
130 131 153 142 
101 115 
71 114 
97 118 
104 136 
97 97 
155 142 131 132 
68 80 
241 124 
100 92 
132 128 184 133 
64 58 
77 54 
117 101 
176 133 
108 131 
115 144 
107 129 127 132 
67 57 
131 137 129 131 
214 121 
202 130 
68 57 
52 55 
108 133 
108 149 

101 119 
101 152 
99 97 
111 96 
77 114 
75 113 

96 95 
131 130 169 138 
109 129 131 132 
109 133 
101 144 
94 124 
99 92 
106 134 
89 115 
107 135 
55 59 
100 93 
74 58 
106 134 
96 145 
101 118 
107 132 
63 57 
110 96 
117 102 
60 57 
36 122 

98 118 
95 129 
100 94 
101 118 
72 114 
87 62 
90 137 
117 155 
108 131 
96 88 
96 93 
63 109 
97 118 
51 56 
33 136 
100 134 
110 149 
96 145 
105 117 
78 113 
116 145 
53 55 
95 136 
95 136 
48 57 
93 130 
59 55 
102 134 
90 144 
114 145 
57 59 
91 136 
108 120 
96 60 
253 120 
99 118 
116 143 
155 135 
141 141 127 132 
104 136 
103 118 
49 124 
124 146 
65 112 
116 142 
43 108 
110 121 
93 115 
108 121 
73 57 
86 61 
104 131 
101 118 
104 55 
58 59 
102 96 
46 51 
112 142 
56 107 
66 60 
96 101 
110 131 
26 134 
96 100 
105 134 
89 129 
116 140 
70 113 

96 143 
244 119 
108 133 
111 147 
46 111 


98 93 
61 109 
55 59 
86 61 
120 102 
66 104 
83 57 
53 56 
111 147 
117 102 
77 113 
95 136 
42 56 
89 130 
103 134 
176 36 
103 118 
252 120 
106 116 
98 100 
96 118 
101 137 
65 112 
106 117 
97 135 
210 128 

65 111 
114 95 
108 133 
80 75 
91 126 
71 113 
84 59 
117 147 
100 94 
152 159 
100 135 
115 100 
56 106 
105 116 
45 50 
100 95 
59 59 
110 121 
112 42 
110 129 131 132 
105 134 

80 60 
104 119 
74 61 
97 95 
104 136 
96 118 
104 118 
97 137 
92 125 
99 96 
106 116 
89 127 
107 131 
114 142 

68 113 
97 94 
99 99 
198 129 
80 57 
93 127 
223 64 
84 60 
95 136 
115 142 
109 133 
72 112 
98 117 
66 109 
106 133 
94 137 
117 97 
104 118 
74 114 
99 143 
71 114 
110 97 
94 136 
101 118 
96 136 
67 60 
120 100 
74 83 
115 141 
85 114 
112 148 
135 140 
113 95 
52 56 
87 135 
106 137 

55 59 
99 92 
116 143 
106 117 
140 36 
104 135 
130 131 118 131 
112 146 
54 56 

72 67 
132 128 182 134 
113 141 
90 128 
103 134 
64 110 
100 116 
105 116 
97 94 
70 109 
50 58 
116 140 
47 56 
96 119 
57 59 
127 131 111 129 
99 97 

102 135 
84 59 
82 83 
99 91 
112 149 

97 76 
100 95 
96 119 
112 147 
105 135 
80 57 
161 141 130 130 
130 130 161 141 
90 137 
74 114 
97 144 
110 148 
84 60 

107 150 
130 132 117 131 
99 98 
187 48 
92 127 
42 120 
12 121 
109 120 
48 139 
45 56 
101 95 
105 135 
95 136 

103 134 
100 91 
118 146 
68 57 
107 118 
134 138 129 132 
112 147 
101 118 
100 91 
210 71 
71 113 
99 93 
117 141 
89 127 
117 156 
98 101 
230 120 
99 90 
76 57 
112 129 127 131 
100 94 
79 79 
116 142 
108 133 
105 134 
94 105 114 110 
66 111 
50 59 
99 97 
104 131 
113 142 
96 89 
59 108 
42 56 
117 146 
92 75 

35 135 
106 99 
70 60 
64 136 
51 58 
135 139 
74 115 
97 98 
114 100 
118 141 
99 116 
211 129 
130 130 160 141 
105 134 
84 139 

98 118 
59 129 
114 146 
87 136 
89 140 
92 126 

100 118 
95 135 
96 93 
43 114 
116 142 
101 118 
63 110 
104 151 
39 119 
99 117 
101 136 

101 119 

108 118 
130 130 156 142 
36 122 
97 117 

131 137 129 132 
86 136 
51 57 
132 137 129 132 
112 94 
7 149 
68 113 
58 52 

89 136 
107 133 
72 115 
109 132 
100 119 
96 125 
92 128 
87 114 
115 145 
108 118 

117 146 
76 73 
107 117 
100 144 
106 117 
116 146 
112 93 
94 105 115 110 
97 98 

104 118 
98 117 
63 58 
57 56 
83 57 
94 127 
94 116 
161 133 
95 123 
100 94 
104 116 
111 147 
104 117 
107 116 
101 93 
84 59 
113 94 
73 57 
98 96 
106 98 
31 124 
120 101 
101 95 
114 145 
47 56 
70 72 
98 92 
101 136 
104 117 
99 118 
43 118 
91 136 

96 136 

115 144 
80 59 
110 120 
131 130 163 140 
87 114 
98 101 
104 117 
107 117 
49 59 
68 57 
89 115 
59 59 
55 109 
108 120 
153 46 
99 100 
76 114 

97 117 
90 115 
98 118 
107 133 
197 69 
37 114 
98 118 

91 129 
58 58 
120 102 
67 103 
104 116 
130 130 159 142 
107 131 
66 111 
96 119 
98 97 
89 128 
90 115 
84 60 
91 126 
107 132 
105 117 
97 90 
91 115 
113 146 
108 118 
45 56 
106 116 
100 135 
91 86 
100 116 
91 115 
92 127 
98 117 
195 92 
115 140 
107 133 
166 44 
85 129 
233 59 
114 147 
120 101 
106 117 
99 135 
131 130 170 138 
85 87 
100 94 
249 124 
89 107 110 112 
91 126 
78 114 
38 58 
54 56 
84 62 
105 135 
93 128 
149 136 
55 54 
48 112 
105 134 
88 114 
86 61 
107 133 
194 132 
80 139 
95 118 
196 130 
110 119 
230 58 
92 129 
24 142 
104 132 
101 135 
94 120 
101 135 
64 113 
102 152 
58 56 
100 117 
98 118 
99 118 
56 59 
65 106 
89 137 
39 113 
76 114 
27 135 
109 148 
91 129 
95 136 
109 119 129 126 
109 135 
70 113 
97 136 
98 92 
97 91 
58 55 
110 96 
101 134 
109 119 
97 99 
90 126 
104 132 
112 94 
113 147 
55 56 
105 117 
73 115 
85 62 
91 86 
96 118 
96 124 
111 146 
104 90 
101 135 
104 136 
97 77 
93 126 
131 130 177 136 
103 116 
100 50 
89 135 
97 137 
233 123 
99 95 
107 117 
108 141 
85 77 
116 141 
106 132 
101 134 
106 132 
52 57 
132 128 184 132 
89 127 
224 128 
98 91 
74 114 
89 106 111 110 
105 116 
97 46 
93 138 
92 126 
60 52 
100 119 
77 80 
147 142 130 131 

98 92 
102 135 
98 100 
197 132 
32 120 
116 145 
109 138 
113 146 
97 100 
69 71 
108 121 
66 105 
87 114 
96 135 
98 47 
98 117 
58 58 
107 118 
112 95 
83 131 
67 137 
85 61 
83 115 
235 123 
85 136 
85 62 
110 131 
100 92 
99 99 
45 58 
88 129 
107 70 
93 115 
87 135 
97 117 
113 145 

94 137 
99 100 
54 56 
69 109 
99 143 
131 132 109 129 
108 121 
86 127 
104 116 
115 140 
106 134 
99 91 
102 136 
177 41 
100 93 
89 127 
109 136 
60 51 
102 136 
95 136 
214 128 
85 114 
117 140 
95 98 
109 134 
107 118 
224 64 
67 109 
97 119 
90 129 
104 151 
88 127 
48 58 
101 135 
234 58 
105 141 
99 95 
107 117 
131 130 173 138 
144 142 129 132 
111 48 
116 141 
134 131 115 128 
253 118 
59 107 
107 134 
111 115 
86 115 
109 119 
109 122 
111 145 
97 117 
117 148 

100 118 
98 118 
107 154 
93 144 
104 118 
171 151 
105 133 
109 132 
54 57 
83 142 
102 90 


23 142 
108 133 
100 93 
116 99 
93 127 
118 143 
64 111 
108 146 
95 116 
230 124 
91 129 
103 91 
175 133 
116 164 
46 115 
57 59 

130 131 150 142 
50 56 
106 136 
93 130 

101 119 
118 99 
101 117 
112 95 
109 98 
66 74 
111 142 
116 143 
90 137 
113 96 
75 57 
88 138 
117 142 
98 97 
105 133 
61 55 
131 130 168 139 
98 140 
113 148 
127 131 110 128 
101 91 
95 119 
107 149 
48 56 
99 118 
115 145 
99 119 
101 94 
96 97 
99 137 
131 132 123 133 
93 128 
93 136 
104 117 
24 134 

82 59 
68 112 
79 60 
98 117 
98 97 
100 135 
111 146 
100 90 
45 141 
112 146 
97 91 
232 125 
52 58 
98 94 
116 141 
102 137 
104 118 
67 111 
108 118 
107 132 
105 117 
106 130 
56 52 
86 61 
111 93 
102 136 
116 146 
90 125 
95 136 
93 115 
103 134 
209 74 
107 132 
111 142 
98 136 
199 131 
131 130 172 138 
113 94 
73 113 
102 96 
36 133 
88 114 
107 133 
114 144 
107 117 
89 61 
63 52 
119 101 
102 134 
101 117 
86 114 
102 135 
82 60 
55 58 
98 92 
23 142 
106 131 
91 77 
100 136 
92 129 


116 163 
97 98 
81 83 
131 130 166 140 
92 130 
97 136 
97 98 
114 98 
245 47 
131 132 123 133 
113 96 
131 130 171 138 
66 60 
106 117 
102 87 
72 113 
116 102 
108 121 
106 135 
113 142 
92 115 
116 141 
111 148 
101 136 
93 103 114 109 

49 59 
114 146 
87 127 
47 57 
51 56 
102 134 


50 57 
101 93 
101 135 
94 24 
98 118 
98 118 
101 134 

113 144 
116 140 
108 133 
116 142 
137 139 129 132 
43 56 
131 132 120 131 
103 116 
107 132 
98 122 
68 118 
114 100 
98 117 
115 141 
45 56 
92 129 
99 91 
97 118 
114 150 
102 136 
62 111 

111 132 
103 91 
99 143 
107 94 
97 117 
90 130 
95 88 
102 132 
89 136 
98 98 
104 118 
95 136 
91 129 
64 62 
97 92 
106 136 
104 135 
199 82 
116 141 
39 58 
52 105 
105 134 
113 141 
111 131 
76 53 
115 149 
75 114 
76 57 
92 130 
109 121 
91 130 
92 103 113 108 
100 90 
130 131 153 142 
113 99 

99 96 
92 138 
55 109 
92 127 
84 61 
109 133 
108 100 
114 148 
69 117 
36 130 
109 98 
107 101 
137 139 
53 58 
111 99 
117 96 
99 118 
113 146 
106 138 
134 131 115 129 
109 122 
98 100 
93 105 113 111 
95 143 
106 132 
100 117 
53 57 
65 102 
97 118 
131 130 165 140 
108 136 
108 121 
54 57 
84 131 
110 120 
53 55 
112 147 
97 119 
109 100 
100 91 
108 121 
127 131 111 129 
94 122 
91 125 
106 134 
130 131 119 131 
96 75 
109 132 
107 117 
98 136 
35 123 
102 91 
65 108 
64 61 
88 114 
109 135 
100 116 
83 81 
100 93 
99 117 
101 115 
95 119 
105 135 
85 114 
97 98 
113 147 
104 117 
107 117 
98 118 
110 132 
86 61 
78 137 
53 56 
99 92 
130 131 151 142 
130 132 125 134 
99 117 
104 117 
98 91 
111 148 
51 58 
109 141 
15 147 
104 116 
96 136 
86 61 
60 59 
111 149 
110 147 
106 133 
116 142 
82 137 
96 136 
131 132 123 133 
35 124 
80 60 
91 137 
100 100 
78 108 
119 100 
79 82 
91 125 
48 58 
89 107 110 111 
105 134 
108 41 
91 82 
102 135 
114 148 

92 136 
103 118 

99 77 
131 130 177 137 
84 131 
91 115 
183 47 
119 141 
97 117 
107 155 
91 115 
89 127 
49 108 
44 56 
84 60 
97 145 
90 139 
113 145 
98 91 
69 112 
91 138 
150 157 
101 93 
82 57 
62 52 
91 115 
113 145 
113 99 
108 131 
81 57 
152 43 
73 115 
113 129 127 131 
75 114 
102 135 
105 117 
241 123 
117 147 
101 118 
98 140 
89 107 110 111 
89 127 
102 135 
69 114 
93 128 

106 99 
109 131 
212 129 
100 118 
80 135 
130 131 154 142 
62 108 
56 56 
99 92 
165 134 
68 109 
97 100 
96 101 
84 60 
114 142 
52 107 
113 110 93 105 
99 118 
199 131 
98 118 
90 138 
83 70 
104 135 
98 93 
101 96 
108 120 
53 57 
106 121 
101 118 
84 62 
110 144 
105 132 
68 57 
41 130 
98 91 
71 114 
93 129 
94 127 
83 79 
93 143 

78 57 
109 122 
108 140 
93 104 113 110 
107 99 
80 83 
109 124 
101 119 
75 57 
115 140 
214 72 
108 100 
90 130 
96 119 
86 114 
70 114 
80 139 
115 147 
85 135 
98 118 
97 94 
99 99 
81 57 
98 118 
130 130 157 141 
66 112 
101 93 
50 56 
108 118 
108 117 
97 118 
95 120 
45 122 
77 57 
110 97 
99 118 
97 136 
103 65 
131 129 174 136 
115 98 
102 134 
21 133 
67 112 
108 152 
98 117 
98 100 
104 134 
101 134 
114 146 
130 132 124 134 
72 113 
101 92 
90 128 
106 120 
84 128 
114 99 
108 118 
114 148 
91 125 
119 99 
220 102 
70 114 
97 136 
117 146 
82 84 

80 85 
64 112 
91 127 
105 117 
61 109 
106 117 
58 55 
100 115 
113 144 
57 58 
117 142 
107 117 
33 131 
84 139 
94 122 
100 92 
100 118 
98 118 
103 134 
92 88 
104 131 
98 99 
114 148 


95 95 
116 141 
96 118 
81 79 
132 128 183 133 
115 144 
99 96 


101 96 
98 119 
97 118 
57 58 
84 116 
91 132 
66 112 
182 132 
49 58 
59 51 
220 64 
109 133 
109 141 
91 104 112 107 
97 99 
117 144 
72 58 
109 121 
82 71 
110 132 
108 141 
58 55 
91 127 
103 134 
104 134 
152 142 131 132 
97 91 
113 147 
112 94 
101 93 
120 100 
95 94 
213 123 
100 90 
115 96 
62 108 
72 113 
106 131 
104 131 
91 129 
97 118 
44 128 
101 134 
80 59 
131 132 121 132 
94 136 
90 127 
96 94 

51 59 
105 133 
72 74 
127 131 111 129 
104 134 
107 136 
108 120 
98 139 
101 119 
109 122 
117 142 
103 116 
97 97 

109 133 
100 92 
66 111 
131 132 123 133 
97 119 
110 122 
97 118 
110 122 
117 96 
100 94 
95 136 
40 129 
76 114 
87 82 
110 96 
104 135 
109 132 

57 58 
76 61 
63 51 
103 135 

89 78 
119 102 
115 146 
99 145 
197 83 
116 147 
77 115 
105 133 

105 136 
149 32 
172 152 
63 110 
97 136 
51 108 
89 128 
85 135 
186 148 
99 97 
107 152 
98 101 
100 118 
139 139 


99 144 
104 118 
100 99 

115 139 
109 121 
102 134 
188 143 
93 104 113 109 
62 59 
138 32 
58 109 
109 121 
104 134 
97 122 
98 117 
51 116 
98 118 
107 133 
108 133 
99 118 
55 56 
101 118 
82 61 
161 139 
71 109 
131 130 165 140 
102 135 
80 139 
101 96 
94 124 
99 99 
105 134 
102 86 
109 151 
108 132 
61 143 
104 43 
98 97 
108 132 
91 127 
73 113 
100 119 
110 121 

71 112 
106 117 
68 109 
69 112 
117 142 
61 52 
101 134 
115 96 
100 118 

85 116 
74 57 
198 78 
90 131 
102 135 
87 55 
144 137 
84 116 

81 134 
67 112 
56 109 
44 109 
91 86 
99 93 
53 57 
59 51 
107 134 
53 56 


91 127 
99 99 
73 115 
47 125 
114 145 
106 134 
98 100 
70 113 
73 114 
108 100 
111 94 
103 54 
92 127 
150 36 
114 98 
194 130 
90 128 
97 101 
98 118 
89 83 
102 137 
110 143 
98 92 
100 119 
94 43 
108 120 
154 161 
109 145 
87 61 
53 58 
49 56 
58 59 
98 118 
96 118 
97 87 
158 134 
101 118 
101 118 
93 105 113 110 
55 59 
49 108 
96 125 
103 116 
101 117 
65 103 
116 145 
97 91 
97 91 
103 132 
102 134 
188 54 
96 135 
75 57 
97 91 
55 55 
131 130 171 139 
87 114 
110 148 
77 108 
108 119 
106 117 
224 128 
106 117 
108 120 
101 135 
96 137 
100 91 
114 100 
103 134 
110 133 
102 134 
92 129 
92 115 
98 117 
91 87 
115 100 
92 137 
144 142 129 132 
64 112 
87 115 
98 91 
97 98 
99 95 

108 101 
102 134 
97 118 
106 131 
67 111 
102 134 
106 117 
94 136 
113 149 
82 81 
75 114 
93 125 
106 117 
113 141 
96 136 
89 128 
88 62 
103 118 
211 130 
26 129 
108 119 
84 85 
100 118 
108 121 
82 135 
102 136 
90 74 
70 72 
56 56 
57 108 
65 60 
99 99 
45 56 
132 132 113 129 
100 85 
88 128 

99 116 
101 136 
215 73 
91 129 
95 119 
108 121 
49 56 
73 114 

87 114 
92 126 
96 119 
106 121 
222 63 
97 92 
106 131 
206 130 
188 76 

96 136 
58 59 
40 51 

105 151 
65 113 
50 57 
116 147 
93 103 113 108 
104 117 
116 100 
50 56 
100 93 
64 52 
111 142 
93 103 112 109 
66 113 
104 117 
38 129 
101 118 
74 57 
106 133 
101 95 
69 111 
147 152 
90 83 
104 132 
61 114 
109 100 
97 119 
76 114 
104 118 
115 147 

103 119 
61 105 
108 141 
129 131 115 130 
52 107 
97 119 
189 66 
95 136 

92 124 
90 105 111 109 
60 121 


96 117 
96 137 
89 136 

98 102 
221 104 
103 134 
51 59 
73 114 
92 136 
98 118 
110 120 
103 118 
93 127 
114 29 
90 128 
98 98 
66 63 
99 116 
106 130 
109 133 
48 110 
119 101 
131 130 166 140 
97 119 
92 131 
117 157 
94 138 
92 125 
99 93 
71 112 

111 129 129 132 
117 142 
69 80 
97 119 
98 118 
103 116 
101 92 
98 118 
112 142 
104 117 
61 59 
103 134 
97 100 
130 132 126 134 
191 132 
79 58 
93 129 
50 54 
64 106 
55 56 
107 119 
75 57 
151 158 
52 58 
92 126 

115 147 
83 59 
70 113 
109 96 
94 122 
106 117 
130 45 
67 113 
109 131 
41 58 
96 100 
212 73 
91 136 
113 142 
109 132 
100 118 
195 132 
88 138 
131 139 
108 133 
103 118 
221 70 
76 82 

144 149 
82 60 
117 147 

92 128 
90 136 
94 116 
89 77 
75 57 
97 94 
231 57 
95 119 
93 105 113 111 
81 75 
97 98 
93 115 
111 145 
100 95 
55 56 
98 136 
106 136 
97 98 
222 69 
93 130 
103 136 
99 88 
103 40 
108 133 
72 78 
110 99 
65 70 
100 93 
129 131 116 130 
83 72 
115 147 
113 142 
97 126 
69 105 
104 117 
89 131 
105 117 
125 150 
129 131 116 130 
38 121 
33 115 
97 92 
117 145 
55 55 
100 95 
107 131 
35 57 
98 97 
96 99 
88 136 
42 51 
102 134 
88 136 
104 116 
142 138 
40 138 
99 119 
82 57 
107 117 
117 145 
97 98 
106 57 
98 91 
91 132 

99 97 
91 124 
84 72 
8 151 
99 117 
104 118 
113 147 
18 144 
52 56 
57 109 
117 145 
106 97 
111 97 
107 116 
100 96 
61 57 
91 137 
108 122 
123 38 
109 121 
89 115 
69 113 
108 120 
98 118 
95 136 

101 94 
75 79 
82 57 
60 51 
62 59 
53 54 
90 128 
72 115 
95 98 
97 91 

59 67 
83 135 
63 109 
117 146 
106 116 
109 150 
115 98 
100 95 
107 133 
96 94 
107 136 
103 135 
101 135 
71 113 
75 115 

222 128 
116 141 
95 145 
86 61 
97 117 
116 96 
35 116 
69 109 
101 115 
105 116 
70 109 
88 42 
53 54 
57 57 
47 58 
83 60 
75 114 
98 96 
113 150 
114 147 
68 111 
60 58 
57 55 
99 118 
39 131 

98 100 
95 119 
103 134 
103 134 
195 131 

89 84 
107 120 
117 148 
97 136 
99 91 
107 131 

81 83 
101 135 
86 61 
138 33 
98 92 
88 135 
46 57 
150 136 

117 100 
95 145 
57 56 
109 151 
38 130 
68 58 

101 93 
104 118 
30 139 
96 119 
101 134 
90 137 
107 118 
177 39 
113 141 
109 133 
105 136 
102 136 
99 88 
104 136 
89 107 110 111 
101 118 
130 127 110 121 
96 100 
172 134 
116 30 
103 136 
69 109 
91 126 
90 127 
116 141 
56 56 
100 90 
98 118 
98 91 
86 61 
106 135 
42 124 
69 109 
77 61 
100 93 
66 109 
90 136 
140 140 129 131 

88 128 
54 56 
98 101 
108 133 
95 137 
112 130 
90 136 
111 143 
101 118 
104 132 
201 129 
69 57 
101 97 
115 147 
104 133 
53 58 
151 135 
109 131 
96 142 
48 111 
92 131 
98 100 
109 131 
62 113 
56 109 
117 154 
72 112 
48 56 
107 134 
76 69 
106 117 
109 148 
109 146 
127 140 
102 136 
55 58 

108 122 
92 126 
96 91 
130 132 118 131 
183 139 
79 137 
101 134 
103 116 
23 132 
110 118 
95 98 

100 143 
104 118 

143 148 
99 100 
234 124 
76 58 
67 57 
105 133 
64 111 
49 117 
118 152 
98 118 
84 60 
85 62 
87 136 
90 136 
114 147 
162 139 
91 142 
54 58 
106 116 
69 57 
117 142 
99 100 
97 94 
97 99 
116 140 246 106 
108 131 
98 136 
58 51 
113 146 
99 118 
98 93 
96 99 
113 146 
103 136 

101 135 
98 144 
109 133 
100 119 
113 97 
174 142 
97 90 
96 119 
111 132 
91 85 

116 146 
107 132 
51 56 
70 112 
118 102 
65 109 
98 96 
97 119 
142 147 
96 118 
40 120 

56 57 
76 114 
110 122 129 129 
49 110 
109 134 
86 130 
102 87 
113 145 
65 110 
107 133 
101 134 
105 134 
140 138 
97 100 
85 114 
109 131 
98 137 
97 102 
101 118 
90 131 
109 121 
125 140 
94 124 
98 118 
70 114 
98 101 
59 55 
97 91 
91 115 
116 145 
91 44 
110 141 
111 144 
90 127 
177 84 
78 57 
105 99 
